3671
1560
989
9923
1165
5307
5057
3324
7824
5724
7111
1093
4652
7386
8364
4471
2166
7916
9369
6306
4618
5319
6793
7111
5669
2782
3565
5688
1686
5877
2520
5357
8516
4588
6359
9681
974
1415
3004
8798
8218
1193
9891
3949
8579
9334
8420
745
8328
7788
8130
2945
4186
4922
1135
933
8783
4700
7701
468
1655
1299
5826
171
5887
3263
930
6861
4678
5014
6738
2896
6207
7707
6845
5865
7040
5264
7689
5368
4131
5818
9392
9396
740
1605
1407
9523
7385
9108
9992
9040
1485
6896
289
7373
158
1220
5312
5915
6234
2049
9890
3519
9757
6734
9384
7875
3077
7072
4321
8287
2890
3713
8761
4709
5318
167
5310
3781
354
6380
2821
1839
4354
3110
290
5591
5409
5603
1506
2721
8731
1395
6241
9566
9209
6703
8520
3364
3775
2840
2729
7744
7632
1489
3531
4029
1656
9920
7810
3089
6300
630
6008
1732
4820
6298
7324
1307
2979
9909
4029
1710
2382
1348
2354
1590
8051
873
6033
2904
4793
8762
1726
2424
250
5257
6453
2986
5177
5342
6075
2555
5972
3161
4287
1870
9460
2689
4257
2438
2597
8286
5227
4980
712
8661
7649
8763
9534
3682
1667
5405
2443
3393
7830
3773
9730
5361
6759
5985
702
3912
8540
7754
7074
3905
702
7612
6595
4959
1128
270
4323
6356
5250
5035
6095
3978
3798
5628
7660
6544
2112
1181
9937
9942
4954
744
5302
1712
6729
7084
6704
5268
4837
3777
252
5539
2467
7926
1577
3595
8196
5900
9951
4525
2014
7124
8503
5812
3831
7241
3434
5943
8422
3370
5884
3376
4115
2264
6167
1922
9348
2870
8270
4184
7726
8522
802
192
7526
2379
3788
5721
9358
4817
1324
1371
1941
905
8262
5772
8146
1695
1714
6568
6145
8677
1022
1338
940
7189
3260
1367
1138
1529
6630
8864
1129
7432
135
8655
889
3923
4376
1326
9819
6779
2697
2838
7685
2038
8610
5830
3733
1402
3476
9878
78
5577
1215
2098
2766
5555
3465
4983
7084
94
3846
8214
8606
5060
6868
9495
61
2322
820
9881
180
4597
2718
7865
6635
2407
4773
367
3809
9329
1324
3888
4905
3618
7065
8750
9173
529
3732
7336
623
8658
5549
9229
3717
3495
9803
3779
6897
1701
4738
8156
6298
7456
6020
4011
9863
1871
5458
4751
2278
6782
9718
7184
399
6782
5933
651
7311
744
7987
9013
9402
4614
8242
4197
9188
9123
7976
7163
823
3792
5318
8201
1248
2416
2211
2189
4288
7669
6940
6566
4450
6657
4828
5929
3438
1840
7659
1827
2584
5645
840
3064
1337
160
8340
524
361
7395
7688
1184
1186
3005
463
2434
6501
2675
4624
788
343
2642
8433
5873
378
3261
2880
4895
6180
538
6723
8764
7262
8642
2906
8599
9881
1245
201
241
8640
8968
2504
9827
3052
2968
3339
9553
5643
9042
340
7065
1684
9852
4016
2062
3112
7975
6957
9292
9592
4758
9134
6853
3399
3118
6530
3279
4364
7811
4599
4082
6778
7104
4987
9830
71
8327
9382
6793
7368
800
3857
130
652
8953
2192
4843
6927
228
5214
7598
4986
5426
5529
9465
8545
2059
3822
3987
948
8422
8069
7726
6604
3056
8635
6675
2461
9095
4546
9829
974
8403
9960
1626
8434
3230
7548
6440
4537
3840
4037
602
345
9566
66
8890
2703
3888
3955
3651
3388
3102
2456
9992
7237
2169
7745
9698
1263
2290
605
2237
1772
1643
4942
205
5952
3569
7724
489
8488
1760
1091
8833
1326
2236
7722
5108
6124
2755
9839
591
5858
2294
1661
3094
5542
9407
3871
7884
1696
4476
1200
4547
7198
6142
4753
3149
789
2476
3638
9278
5316
5808
8110
7721
8044
6911
2828
5247
9666
2666
5838
6602
6039
7499
775
1580
7984
4646
9465
759
200
664
5306
7398
7885
58
1625
9754
3614
5264
9031
8
1071
7140
7729
194
5129
1635
5441
4795
4302
1278
2475
1419
9856
3250
4079
7840
8975
3543
8599
9175
5286
3904
7651
4249
5042
9277
4002
9735
5619
3032
821
7769
1251
8550
7963
6380
184
4482
2253
5565
5760
4729
6985
6695
9058
1063
5613
8033
5685
5290
8286
2049
272
7016
6298
5314
7371
300
6127
2989
4411
6948
1836
5662
6576
878
3121
7840
5360
6453
3404
2199
1181
1467
8894
1318
3609
5585
9351
9294
874
7636
2421
1146
5730
8720
7540
3100
9020
4745
7168
4509
1693
9005
171
9348
961
4371
7187
6321
823
591
8520
3084
3137
8492
4402
6747
5155
3752
7119
6029
2466
9541
7176
9276
8260
5794
2375
8358
538
9544
2866
3310
9627
4116
2658
587
9566
9845
6908
389
1514
6507
4552
4652
6077
8954
2477
1232
3784
9596
7261
7329
9136
5515
6604
8474
1308
58
7910
2926
9602
1855
6236
9228
7050
8894
9815
6616
8739
7801
8084
1331
4307
2635
5983
1463
2667
8460
2695
7530
9135
1034
4858
9349
7629
2541
7823
15
2599
6811
2941
2200
8666
9178
2506
5716
9150
3399
3410
7888
1199
2572
298
6586
6286
6281
8049
8953
5820
1822
6482
4954
3935
2418
4302
1563
4959
3203
2658
8637
14
5599
1915
9759
5855
4421
6553
5005
7820
9963
3971
9020
3613
4269
5605
9899
1629
4732
8851
7449
6554
6411
3481
488
8830
8862
3131
4867
2065
5789
3504
3158
1387
6498
3995
8322
919
548
3326
9818
1589
8376
9916
5203
2645
5520
5101
4274
1330
3952
2801
7884
1441
6282
9452
1349
6222
2582
6217
9366
8371
799
3602
836
7297
7598
236
9295
8146
3562
9113
9735
3017
9028
4937
5662
5627
38
1014
6957
5069
4894
5920
6510
2254
6450
8939
8476
9032
5155
7842
8481
7033
1443
395
5408
9041
632
4703
8265
5273
4894
8000
8290
5000
4015
5030
626
5132
7123
8663
200
2016
5661
7790
4270
3189
6728
3825
2220
2961
2745
1779
9994
4188
3253
6480
4308
4964
1182
2572
237
7155
1650
9606
2155
5666
5715
3860
797
2837
3601
