-187665
-79091
178076
-137503
184083
-125108
177782
219795
-105263
-170498
-203373
27186
156175
101960
12644
129959
-196285
119282
-113992
-55015
158969
212202
-148396
114844
144172
-143951
132051
-108092
176699
43090
-170651
114786
65426
75042
202028
5038
100453
-107626
-9743
104817
76514
-26153
100567
-144235
139800
45198
-150008
132485
-134768
-4598
-57402
6646
-102645
-16696
-165611
138939
17397
184799
35232
204192
-36012
-58447
45078
104239
179019
103946
65039
-185016
132029
-190158
208919
-4799
-195862
218342
-143801
-127850
46901
159028
-71207
-44029
8289
-170914
-48935
139246
-194028
20978
128311
-53270
-170126
149994
125685
166625
-162428
-217336
-68506
111192
-73061
-33333
-181197
-44245
