-182766
96797
219218
-89404
-192393
-57833
-105130
153861
20272
-107502
209769
11274
97240
-182179
-76033
151938
-45301
-36795
129517
-181233
160738
-128283
168482
8990
14890
73704
168863
88813
-66639
-7867
108846
-58776
-112868
-45636
-123164
-161133
-48340
-18641
-139089
-153897
63880
-6131
-8693
165911
-130010
152453
75254
-133578
-138116
-129259
197458
212586
44290
79802
-141171
-104178
169999
192629
215355
184102
-95820
167995
-140292
-118879
112604
166288
-179891
126434
40922
200887
141443
31973
-96888
3388
193274
60418
-73604
14085
66348
97121
4880
-121285
97027
-19553
187676
-15929
-65713
159988
80661
-21310
67370
-79045
152219
-139128
161402
38329
-55056
-8576
-32882
31990
193893
83409
145064
-177092
-42952
215504
203137
41316
-167614
148835
106616
92768
-83090
150883
46495
-53790
219227
-94540
48258
-132581
-28112
66751
40048
-36050
46109
-217089
129724
33962
39257
-202783
76258
-174216
116095
-203397
-137627
-1807
19969
-97547
-27782
-155418
-159866
-43344
-79599
68084
-52358
-203461
142780
68904
20675
158856
-106904
-166764
52755
80255
29854
-217764
44828
-89476
-29605
21210
43610
-68699
-82565
-98572
212190
-155793
-141481
-36748
-47102
195273
-44197
-36672
51220
-157739
175661
-124558
156502
-217875
-35235
-138261
166803
-215710
5508
176239
6559
214635
99452
103448
-43003
153589
167380
-87039
126409
66540
61754
-25492
-189183
199664
-461
-22778
156964
-121629
-137978
-48230
-117210
17850
-169669
-42633
-212734
-214643
17493
-169037
115840
201716
106030
97831
-215580
-130560
-107893
-205452
65036
-24565
213746
174483
-97236
215092
55332
214901
-45021
10746
-8390
178327
-30664
-27588
-45391
-62531
126069
-75107
38621
-208117
-4507
185472
-40320
70842
74541
92498
81998
-42376
-138442
-114506
-90842
22495
62850
132152
-78279
-85310
151671
163747
-20798
-70870
81737
22818
218642
-98524
183672
-129651
153010
-32324
28148
-77384
-158854
116885
166647
-93259
-17114
-83978
-176164
83040
-45093
39296
34735
126265
77551
-201961
188513
215222
-165309
158633
-88833
165881
-116676
105915
-174954
-101975
174380
18722
150808
-101161
190723
186714
-26422
60093
-114262
109146
51594
39641
-219541
38781
78036
16566
-41659
-161339
169362
-91145
-98971
207895
140946
-202306
-155760
-86432
42296
-151115
-61004
-128461
-134977
26212
-64582
2938
-189656
200232
-150625
-104258
155890
122273
-49662
-38703
62667
178756
-151371
27398
106544
41768
-31630
196114
217045
200078
109041
-153025
-132446
-180161
-180501
-4759
-98388
-210139
96189
44819
-94115
166636
-59100
-60958
-195301
59756
33322
-123188
-12457
590
86683
-21342
-170830
-180185
-78248
-141805
-6311
177167
173074
-198869
-126926
-71784
-44855
-24389
179290
-211084
93808
-88934
105597
-149498
220355
166049
-76287
75528
120458
-160346
-186833
112815
-136970
85742
103962
73778
14942
-86016
48109
-50482
179496
-217837
155832
-209744
-209295
-53382
-132600
-86349
97239
-149859
-29029
-40363
32377
117380
-189891
-209937
150148
56438
-130465
48103
-13823
190436
-129957
134777
87263
-86447
-125139
191090
170111
134149
-144715
-170051
-172918
130409
-129987
-219508
173289
219311
-100000
200622
-65444
50728
8989
-197845
36524
48029
112018
105366
208724
-132100
186038
-62004
141608
54462
72608
213874
-127021
-215987
-156928
52602
-50527
-166485
-44609
67528
-210055
7623
-52909
-210456
-92172
-140278
186625
-82918
90888
-61232
-56449
165843
-180491
-23570
-126011
-142640
221466
5884
-33315
-18626
-180540
130195
-214592
-107588
17619
209330
-94407
-182739
-45018
-177797
-31359
-59589
75101
-17471
2793
-86134
-48733
150034
-57617
-215199
-135681
118237
3407
121882
14352
-202220
-2293
-1563
-127020
-204762
-166922
-143273
60580
-4930
73307
195021
197754
134632
-121061
-48861
67
205631
-81971
101055
136755
182225
-210387
-119845
-133038
-16186
-141779
52753
-27157
-33231
154316
-13461
24935
-186524
-162150
42177
-177567
167414
179648
201854
-64952
166459
117721
-23092
-167492
92613
78892
-65080
23482
82397
-49615
-52355
-42332
175011
-193690
-147590
-55588
-172791
9047
26159
161481
209603
105002
78417
-215496
-29015
-186475
154702
25258
55000
179785
103241
-137250
9006
-174566
-24713
-13540
-16215
-155836
8354
104031
-43961
-88516
-61818
-120966
60842
166299
-112341
205443
173211
133860
-102504
-171628
192865
-167120
-162166
98595
131001
-209170
-210423
-30896
63235
-206344
-111893
-118457
-105282
35346
205324
156230
-134502
53365
17152
184306
-7059
-167080
86309
-44872
-132281
154505
56940
-131671
-171571
-221217
39366
-176896
193503
-88000
137415
-186519
45977
9836
127961
-214469
-126537
62111
145405
-1593
162112
186024
-126248
99616
-14435
170218
2810
-16602
222064
142776
-81338
48321
-187204
90740
-205085
-121724
154839
-111379
31336
-97854
197423
91627
97791
102234
18757
3041
196950
168927
125633
130239
168601
11103
-144584
-165269
-117910
-213572
147175
-128690
147879
47481
82766
-97290
79189
-109611
114009
169920
82159
-122275
76323
116418
151503
-187768
-123122
-25659
-108193
-200202
-45085
-109313
48357
-27570
179010
207595
-153344
212836
8934
204319
82365
108420
198222
187284
-60289
220215
-24388
52856
-45936
-219826
115081
210650
111722
-167578
-70650
177569
79475
-63676
193522
-219732
-86045
168240
-97440
167292
201126
15986
-174919
-107776
-21931
-116346
-158919
57936
-7667
116814
-157300
-7580
-38000
-6440
55977
211030
112391
-100782
169593
181565
-73745
16325
41351
58257
148083
-166111
4022
-69989
214065
7969
-120767
-120030
-67571
30330
-185353
111915
-211352
466
68138
213344
209838
60319
-74
-177643
162044
92788
-201873
-188668
-73382
136868
-89571
53936
-210267
-80350
172
35990
154590
-132881
132918
170683
-29799
11408
-170142
71627
95722
135197
28471
172574
-183825
-113561
196494
68911
-197304
-194293
68066
-21917
131580
-33915
-140578
-102942
-138591
-199186
-132408
-211559
28986
-68055
-125471
209843
37761
-201097
193033
89760
-42986
-75541
123078
-117518
-165159
-152383
48083
-184731
-101829
199796
72995
-86187
-80150
-106223
-15834
-155005
-70193
92227
33221
-164029
53058
168876
106289
-92654
-200925
-91528
-43680
179588
-131996
173538
216585
-189138
-160755
-186534
-65108
131071
-107579
-136133
-83735
80139
47009
93399
48224
215375
-164467
-168764
-5501
188128
141404
198384
94853
-123658
219256
-167436
-160800
112444
-57941
85321
-216898
181228
49951
81380
114449
73996
178946
-24355
198841
-114014
42224
95896
-96452
-56502
30940
162254
-73191
-215312
207206
-132126
44768
-208112
73303
-115728
-195499
58658
-51707
-82161
183383
-221498
-156230
-173411
-146639
5050
-137836
217455
79077
213774
-186529
136174
-50579
-178911
-63101
209176
110992
-15188
-168067
77466
43298
-144119
-129316
56347
-105978
161351
-77304
39737
12099
198403
89236
-139330
183218
16036
-19000
-149193
94676
-201439
212761
-30165
38229
-68094
-96983
-8854
-212960
161465
-139900
-61546
44919
124515
67406
30135
154745
190064
54692
-153122
24661
138609
221073
90841
46696
-117478
-103074
-99002
187956
180552
186862
148709
-208941
-155676
-130226
-81124
-152470
-68375
-73759
-90603
31941
-166253
-72744
164792
-19150
155267
-21381
-112095
219790
