51430
-188818
-188114
-174299
-142188
-86178
-176003
-41041
-9492
37786
135416
215351
-29352
190216
154276
-219350
-42689
-215394
-180157
-139848
74600
209638
-54547
165383
88478
200601
-106717
-180797
-13126
72417
206585
-220563
207145
-181910
125035
10438
-832
-41768
61996
99335
-137169
-187008
-185701
59970
193468
-12212
-105013
9754
-47611
-105592
-75153
-160441
-49293
-168202
-100269
63441
96947
-54565
198447
-25978
38170
-98149
72743
-184077
93111
-63585
-161058
-55072
-127617
96267
-72378
-150557
-160368
202738
-70122
-177641
112113
-126663
58393
173657
85390
117442
-122334
132964
-87391
-125767
-12388
171362
-209945
-116563
-95342
132678
127111
-220513
211090
70650
15328
125540
-83901
-75087
10664
-81393
34494
212251
-181546
-105908
-56044
131424
143527
-137260
64509
-211576
-126348
-171755
-71386
-165602
-129151
76432
-203817
159769
114757
67951
52997
-106039
139786
141078
218510
-165735
-132190
-212062
200931
3445
10969
-106313
104211
120744
-111268
-49366
63578
-190947
78979
-23723
39355
71461
-166546
-157604
35753
112171
-37414
-174154
-206047
187124
-105572
60246
49662
-67989
219311
152073
-8548
7985
-171289
81424
115346
-139853
-132472
186228
108391
80964
139003
60591
-71334
-87217
32502
-148874
-183694
160311
-102491
201628
-2942
-115382
-50565
-116635
-17152
-132754
-104334
70482
-177182
9058
23189
-46089
-50045
-134827
104828
160646
-7846
-68125
11595
137738
-166778
202955
-92918
169180
109014
-185423
-123478
76114
37291
380
-63184
129173
123865
205972
170249
-58750
-47285
-180218
-129763
-217543
40079
-47584
87337
62139
-144358
13424
-196445
90415
19189
27758
-35183
205493
198799
-149581
-52667
24538
88083
9017
37020
125000
-178966
-91
-47997
161210
-18706
-138927
-183372
-195092
14588
8133
105428
-199295
-134455
55976
-197010
-192517
196609
191145
-222161
-179187
-59551
191451
154758
-11226
-59324
-213214
-86484
-193152
-135205
-59947
84684
31652
58434
-190192
55219
-49280
88559
-93178
-23160
-20526
189649
-211896
109565
-72758
46553
-138950
-2563
65525
212399
-206870
-77324
-201318
-66508
-216816
-116381
96433
-111110
-2721
-120289
35265
-180798
135619
-86575
3651
176889
-73752
23460
7678
171447
-4496
-143069
-176638
93013
221841
37746
-123524
-97490
204735
129816
144236
-135413
20954
221435
-46124
174247
14992
155241
-137607
9569
62549
-56616
-153180
65199
-65042
-212439
-118424
96657
-30146
-74987
-146419
-218582
86017
-100175
-37039
-48969
-122175
121170
66061
191047
22315
191341
-54726
-212879
-117998
-89103
211119
210313
-13963
185867
-75715
-110298
214355
-40064
-197849
-9423
-14180
162538
-87739
-70108
-156294
-177337
10230
-175842
-62974
41858
-161810
-218911
207878
15849
158846
192829
96428
-37311
-62549
-8047
80802
35556
-166491
-176770
219330
-24295
-185602
-74021
-158377
-23468
204580
-14378
192277
-99786
-138133
179962
-113538
-213398
-36264
128699
-88004
107108
-130804
53183
73614
105395
-62274
100886
202336
-138962
-114823
131386
-85096
-9280
86988
-194246
-133600
-38864
175618
129196
211845
-51668
-118831
180156
-35087
125054
219306
164026
-155971
-49462
169392
-75858
-191636
-139232
-122680
61815
-24179
183741
-165921
-145746
116808
-210806
-140312
-177617
180232
-190879
217209
192651
191461
148308
81653
-24071
161536
45046
113849
-213063
-173450
74667
78240
-14650
-197379
-139050
-152472
199769
40443
-32846
146800
160725
-2546
-164777
132709
221142
-132946
-202773
197515
-78259
-3549
18997
-44683
-14420
208175
89702
-65998
39260
108386
-47802
143189
-155693
192274
-116476
-448
-37774
167748
194466
171877
-115493
151742
117305
29197
-92995
68992
179025
-129098
-107765
97357
82776
136303
81812
-4998
113260
195081
210688
-139125
220386
220499
-64948
-46760
209099
-23284
-170348
116410
188247
-27413
-116409
-218124
-158148
68777
-9364
206330
91718
-156035
-87018
190357
-185012
38330
92756
-117524
21592
60112
-112339
178576
-71984
-20480
-218580
199491
33873
1930
-115725
17432
-180859
26569
-191037
19284
10064
28819
63705
178763
-8311
130750
-161772
192843
-18961
-192771
-165977
-178565
121181
-209495
-121328
31997
190820
29798
125450
-169364
-122397
11433
-54537
119759
111392
-209328
25025
-159987
-30804
85279
114845
-101006
-75877
185538
213428
-71412
-41276
60863
-157586
142465
-209285
-89335
96616
115632
-197730
-21863
-42525
-147573
196519
37557
206465
-181774
-201948
151316
31332
-71698
2945
149891
-184867
17847
11048
-127623
162361
-20924
68005
-14671
89933
-70710
-212228
48791
84667
181624
168432
206938
-190725
41939
221695
23909
-86004
70112
-172583
107137
-69592
89347
97037
2979
20425
-71122
-28460
-141965
26809
-51945
102018
64587
157826
-161354
188569
6060
210381
-121599
36975
-183807
-56294
-188461
-166615
-194081
-187223
151705
39568
-141473
180937
36433
-75167
-6624
-207683
103684
-144068
29520
-102179
-128481
-24206
118059
5033
-208872
-115896
17033
-83072
-214356
-139095
-168127
-88797
165515
141755
156085
-139769
203648
-57170
72574
-2992
-159559
195884
182891
-191237
116870
-25908
-193139
-219939
-199821
-195402
72577
-171925
149168
95185
190008
-209504
-195751
-124704
35123
12998
-70823
-63739
129256
62656
95210
-199671
95091
-159378
9569
-82633
197528
-27201
-51463
-141475
113405
-54752
154621
6010
121281
163177
-83086
116721
7889
-152718
101972
-75694
-188491
171726
124155
-104496
49039
-64369
-169742
-163288
150882
-20455
58616
112618
11481
-43284
9376
-173563
208295
-23243
127821
76512
-181157
-171806
136807
162508
-99124
126010
-19961
155380
83935
34477
-1691
-25845
130896
86272
-200168
160584
-152225
-7944
98923
-86144
79363
-83786
90135
3742
-144950
133679
71011
36694
-177802
182103
109450
173924
93858
-73879
178224
98264
201688
186565
6055
-169182
164230
160190
-62232
42746
84227
71298
-116557
-76859
56605
-114949
113031
173479
35356
-31270
149698
-5939
56934
164339
197074
157521
-50187
82528
198327
-41043
-183858
131095
4286
-150369
-103642
-164464
-221027
-208720
-117226
-156253
-166345
186526
-135205
152779
-215422
-66995
-195775
-16170
-157499
83353
27767
-28992
-103688
128711
-84510
28235
-132189
35934
186949
90032
-142945
24959
-30106
206342
23201
646
-78512
-172355
-95457
-27084
-123854
57807
190463
107084
79736
-10295
115828
108681
36833
-74207
177484
205210
21604
174654
-46586
-157121
-203716
151184
137541
186438
153597
211478
-177952
21948
-117823
-170420
116251
-165034
55922
108102
-193174
127507
-74032
-63394
20786
56345
-165401
-92231
218975
77884
211959
-193517
-129358
179492
-47604
-97040
100525
-61410
211061
27557
-181227
55641
-55541
-18105
-95439
-191259
206521
-37719
146402
-43174
-217191
95179
131957
105396
-159060
-159678
24345
41167
-117137
63053
-90247
114304
206711
29650
220722
35984
-51979
-172693
-59725
-54953
180134
-193213
-91461
-138024
-142560
-12090
86599
-110287
197049
23031
157399
-175656
85975
-107418
139081
-157230
82682
-171002
-58924
183902
77209
103302
7028
-198321
-165029
-205352
-145978
53203
-106628
130508
198324
161969
24299
163014
209350
28165
-132882
-216646
45707
149510
-213451
-201595
-5069
-44857
190106
-163997
187657
-29809
124168
29570
-169986
65141
-153014
196399
-168563
-49072
115739
-13147
127679
27283
-35374
-84374
-44705
-117602
71735
-10557
-31409
-136509
162654
-86400
108095
-120587
150863
-126696
28036
104843
-86476
-58105
143690
57509
-48382
27149
-18609
219839
13902
-49695
198276
-154939
-141058
21088
73271
42315
-119923
186048
131826
-74618
-216958
-199888
-142981
-37950
35995
-87221
12967
-26233
74648
47497
-44011
31332
-192285
186333
132115
-186221
184441
205500
221406
-202240
-149557
-99664
200884
91247
-207982
164669
116432
-87810
-21040
91343
137277
-62611
-57968
-161328
152733
106188
-107698
-89739
33379
1450
183257
-191947
54594
85081
126468
-34593
197310
-16818
12295
128054
100705
98362
-6760
75979
-205155
59191
36014
179722
-155326
207744
-22764
-85171
122319
-130263
-176216
88960
-175430
34416
-90442
-129149
63174
-150499
192491
123197
-40407
125577
70573
162027
-69878
90954
58421
78219
-103477
-173827
163810
-114936
56034
69290
131564
-189658
46014
-9626
139970
80465
-124864
-35820
34683
137113
188274
-49587
-193966
193930
7093
215950
-147108
44318
-200811
26885
82878
-26913
169422
43072
-214159
-36463
-173551
-32328
-183762
105888
-104443
217263
17499
-133614
-123405
173432
41075
-168931
134815
-51019
203461
-182807
-88946
-9132
-121632
-73511
-165800
-6425
125008
65118
-33394
-64119
189366
183528
-46109
-158107
150346
24451
-192342
213281
-104
187817
32525
-186399
-4858
12811
-208757
-61746
-90741
126351
-99545
-194821
64099
-176569
130236
144998
121041
-100100
-7477
-187698
44151
-12246
142315
-26799
85961
137770
95904
-21181
204761
6110
124873
131879
105961
82852
203571
-28721
-64219
-156626
-36130
-47012
-214545
-54919
-4167
-61664
-161952
156131
-25829
1997
-151152
14384
173556
-90686
-156224
-78704
98078
200496
-79738
-158748
11181
-140418
167580
173338
135333
103604
147482
-163111
-103890
182096
-164172
-219377
-10697
-136930
167453
207622
-42800
-174019
7115
-86960
-121425
-6195
28012
155375
-24683
160757
-87000
113803
-217108
157455
82746
-96252
-111990
194333
-73333
-181544
22245
2683
42827
-195523
215278
-69757
-93780
-20865
-165998
41389
102648
25734
147571
-135358
201530
-145769
211746
133823
107505
151445
118109
103757
-4036
-65730
81812
38112
-19144
141123
213681
-213490
199201
176597
-208085
-68797
166887
26615
-131689
66096
59447
112695
104594
-48907
15371
-110429
84690
137616
67138
-148577
-44017
-219891
146387
-99987
35837
-37507
203305
42026
-46169
128452
-3955
2534
85351
-78758
-130923
144128
-20759
35276
24883
198708
38007
6968
103727
100417
60360
72338
91905
-66371
221978
-47326
-74234
83539
196890
-151634
92411
-69843
76436
-204904
-7181
69178
201644
-82473
-87098
-95167
-81996
-40652
90372
137837
107434
-75191
-214734
-32903
-129316
-181397
172098
11200
-16532
-40215
-174538
-144327
-34381
-134209
-33516
-86639
93756
84553
-169363
102938
166173
-154149
87452
-52686
-150347
-114425
-25942
-138386
-23628
153262
-30254
-56642
148891
-92141
199863
82635
-18478
-142748
-45664
210901
-69171
20062
139439
-150825
-15266
-48106
49766
34828
-145527
215940
-183095
-84958
-42750
210674
-115908
207112
-164959
181938
-188165
61977
200956
76925
-151957
58812
-43970
48772
173162
145831
149892
-157145
24078
88148
-164115
32712
-32975
94046
-35855
-23058
-44383
64149
204609
-138007
-107527
69940
-196937
-64589
-213099
-72647
81070
-55058
135091
177835
20671
-185592
127974
84908
-31093
-210147
-217860
-137445
46106
120966
-138677
13748
-123660
129686
17039
49826
-176570
89197
43321
-33943
-1805
-111561
121178
215369
-124805
-47505
-30922
92430
184283
-35756
32074
98919
-113844
92616
146624
209828
-76980
151702
-136743
89039
177555
211977
-91564
-81443
214579
214015
-110016
84855
120
61228
96639
-123714
58518
-178875
-160636
202449
220542
-119362
154768
-29882
114417
-199057
-59234
27616
-1632
-91034
30014
15365
18670
135173
86168
16339
216296
58557
148389
-14076
-185935
199190
-146408
-71809
181831
-18955
-105048
-190686
104891
-177489
-200742
-181768
202393
-123531
-218439
-208055
92559
-42892
-37426
185718
36198
15433
52582
98958
-87351
167803
-151648
-84830
-159529
102077
211666
-147583
-192479
105119
7436
-197583
-39786
83878
-212916
95721
141987
120062
-74392
-51143
-149053
56229
-191182
-99763
-185517
-206409
-163452
112320
108743
-118153
-69727
-150538
-90338
-151017
212542
-108370
86553
-95887
160440
148199
98849
31030
114434
150907
183451
-192273
-8129
63681
208736
-178712
-205272
-25168
-202280
-90594
-201420
205604
-388
-191086
114168
104748
44306
-200417
-137430
21748
44889
-119223
107749
-207140
-52703
-43456
-127632
53257
52687
-129380
-92758
-9305
-73999
35005
-124634
-49206
194774
-132036
-54571
11778
1387
-69883
29167
-214064
143065
217543
-177510
-41131
-142979
120129
12770
194874
30254
-202936
161431
-42485
-139251
-136645
-11610
-103709
218175
-107537
14209
74251
49698
-131038
-1672
68256
91725
-78586
-198538
73690
-217955
-53216
-19191
-212587
-159338
42806
183665
32806
54873
-59643
170039
190813
179698
-192465
-106307
-111363
189735
116896
-219845
41358
144672
-124678
-92592
54461
216032
104725
-130817
-29757
161923
159150
-30993
-115112
-65042
114454
-77174
-164388
112330
-23910
-133983
-119964
-107967
96550
46757
124765
17034
-182563
2496
-68112
195871
118091
-64037
-200253
165345
-92952
212301
76538
19673
-98413
174224
-92791
192008
-75081
-69411
-95763
-205651
-221799
35957
-8149
43209
-98974
93406
-40971
-31808
219436
-33389
-133193
-22355
-34984
5611
-93866
91317
-200486
-187162
-185059
13991
-96623
76273
-129808
-126841
-13620
86935
31272
-13690
26750
-48478
-113392
-105012
119373
-67274
-220210
-221388
187232
-81909
216590
-186075
-201135
183926
36660
-219986
-159842
-93395
-186994
50889
33981
25161
-25096
-105768
205379
-186425
-18937
-100198
39319
-185462
-156164
-172529
81128
136105
104368
-155593
165881
-149379
68771
38444
139109
-205586
149751
44671
184240
-24616
122329
-15554
46310
63265
106010
-17802
-75574
77860
207140
-161798
27114
-52519
-90166
67940
-16715
-168438
145597
122202
162000
-28160
-172293
-164638
185341
177441
-198470
163016
-115292
-9455
168682
106939
-147258
139573
199276
-139504
-189588
43494
139029
-2626
92197
153213
76006
92306
-116652
72401
-19724
8770
-146386
211124
-221103
-59619
-104328
-132478
-9898
47958
126849
-206891
61091
-58628
-130450
-88996
-53487
31369
9023
-11456
59781
8474
89989
151019
-138698
-58691
-46187
50263
131387
96596
153555
-156214
71133
-10835
145603
-156055
-108118
-82610
-134414
-104040
140434
-132681
-42550
-39922
90585
132674
-28088
-204226
165659
-218738
213314
51540
-65736
-159352
220028
39000
-86868
-93729
-62620
-48995
108412
156742
182014
184483
-98212
-145338
8745
151160
26947
-159847
-4485
162974
162297
-97838
199676
97638
33461
109906
168045
-83943
56727
-21314
157919
-42504
-32929
-124774
-205497
124026
-22873
113576
-112505
192541
-7483
-88382
220937
177287
-201524
-44907
-99172
149183
-202173
55705
-20719
-185465
138437
186608
111159
-143124
-188368
47058
-86626
23656
179568
-102327
209182
-148972
-173285
12864
76790
-17077
208746
127134
168244
-169117
72021
-96555
-180078
168493
-26912
62273
209161
-79721
126703
-69754
194319
-45656
-163274
-23109
-180695
-125076
165443
167736
64577
170686
191786
-55000
193764
12923
-15557
103859
-147236
7636
166753
-149213
54055
195889
-16197
-151530
221019
-45221
-133191
-103911
-198360
145597
46151
-36286
-177266
-40052
-100313
-149225
27472
196547
-20366
115618
-206864
181767
-87576
-54328
107404
-203161
-2136
72752
-20039
205470
114095
-11132
117489
26852
-161861
22562
-52876
-71517
128517
-146177
-211796
-18450
-195217
-17214
199803
105493
-180964
48960
-26110
189840
-112146
200271
-164896
-57555
-122461
185396
-15615
187782
195910
-130169
118977
-141459
85453
-33051
150126
195877
-135496
32864
156273
74420
131898
-14763
99116
23086
55978
28988
-133014
29070
204321
41098
221510
96072
138118
49831
4612
-43931
125181
-24287
-69627
174770
52844
124146
-112588
-58535
167694
-115252
74777
-201483
-65950
172687
162951
95285
-1679
148854
-25123
-10170
-16136
177704
-160367
68427
-139871
25786
-34002
-34959
-24505
-111598
-121666
201161
217707
1232
-153276
189386
-114699
10442
197715
40661
-105888
-58558
209733
-57221
-36413
137235
-80249
-70715
-197726
-10957
-42202
-46790
-128577
-115077
79320
127196
60511
123111
-126058
-158659
32876
28119
188826
14070
-45310
-37727
60742
181345
137088
-118060
-98702
181658
83095
-174303
-207793
185217
-158045
57402
-118990
117580
-139562
-126988
-37469
-133588
126207
-185811
-111951
1453
-31081
-120460
119304
-127660
92761
-156997
41143
-179535
-182785
-36575
153225
-182954
-141165
-182635
5713
-221001
217752
185616
208959
-94041
68879
64487
193853
51376
102322
-85738
-34133
61266
-21290
-172063
6516
91818
98274
135472
-200452
123688
138136
-27871
-21588
190830
-131460
-122324
-70301
110926
179110
181375
143851
148163
-97601
-3106
-220395
30317
193717
-54331
192535
-35509
79542
180816
89034
169560
220263
61349
-60376
104549
11648
-47509
184824
-25204
-219278
165600
60752
183239
43479
104750
-126355
206487
159269
-128567
156748
5161
42604
179620
81174
-31360
-53384
210101
-3141
60273
-20701
21866
-136659
58013
-85875
-45345
-172513
105826
-213884
16396
-206890
-12239
-135864
161746
-161452
-3524
-1852
-23325
-125975
97513
165316
-79635
-77064
-77220
-211958
67673
45753
-206972
-196073
70853
-181131
192751
-56072
-116227
26502
-3616
36763
-64737
-54478
-185058
-76109
-144988
103320
-22143
-20509
-156501
-91760
-45018
-219466
-54997
-49692
87885
-713
-17776
-175564
29844
99525
-88282
-183881
-141498
-50053
-35997
80779
-211146
29853
-73644
109278
-98564
-166320
-110654
-109023
-82970
145050
55287
-201014
-128909
138568
-113645
-9097
76929
156649
-146044
65178
-65523
61065
180793
23426
-33151
212384
-72190
-18199
-207598
12770
-135038
179329
141318
-181812
-30526
-4531
173938
44737
-57966
-155516
-65247
45882
-210188
-138526
91931
-21867
5272
5278
50373
28506
-71543
-174884
-39364
152938
-68777
-196526
188206
-142610
-102139
-43480
75660
-104284
24668
124744
-85964
33979
114376
174365
84925
83443
-5292
98471
-171667
-135252
80765
-8442
104396
-122040
-23584
199862
-4528
208803
-152545
197712
-168055
-56763
-50288
132047
-49780
174192
81716
-37335
128423
109009
160798
-84026
61206
193355
-182259
126541
-136616
84360
187710
-208600
105846
-66060
-28677
5193
-55430
83784
-210384
-209412
-85949
31626
21607
-35920
145622
-73235
-140227
80450
-73972
-35143
-21594
-79820
175202
-16196
220999
131920
104678
185009
-128584
-131106
207408
29152
90938
-208909
-177541
197288
-45013
85292
14456
-31601
119314
-132962
134296
164969
122039
75266
-160187
118985
-97276
-173945
-23483
-165682
100283
430
28278
17807
-36543
127891
188624
139069
116616
-215481
209631
46405
52770
-171233
-115697
221543
48511
92757
34104
-30313
-205115
-125946
158108
80438
56711
5381
-186956
200932
160072
-41908
-133385
-214423
-200394
158857
-74045
73636
-47529
-125927
44108
45601
-215552
175084
161851
-68586
105231
-27950
64722
-176263
121502
-62260
-136383
45501
185109
-77618
204439
-85527
208355
-64575
27930
4172
-48045
-188885
161850
-12442
207254
-91419
-69812
8293
218027
92556
7564
-211509
126311
-63089
44646
-8499
135404
-92347
72439
5894
-160341
-85505
11061
-15764
91305
161166
-72663
-88197
-73366
-19546
132783
199092
-25661
105491
-41488
209799
-918
-152141
-114617
142656
-173022
-22877
-156672
208610
-110245
-1922
44213
74255
23833
186409
-57311
196192
-38163
-46938
170575
142033
211203
201488
-190636
54516
7752
-211678
-90550
-134735
-126227
108520
-3871
-128001
129425
-84462
72198
-75178
-133386
-102709
-132684
156761
116127
172815
-152945
-98541
-59390
-36560
101483
-124684
28898
59025
-105820
-94411
-47663
8992
146829
-48076
117611
34645
-136521
126227
122839
-208236
143581
197857
136115
17100
-133895
126049
51342
81032
54691
77798
-205023
57949
17382
201363
-174545
101617
-96318
-46765
-24103
-115026
45843
-120697
19293
-39409
-128589
38
165757
161739
81614
-194660
-156171
-212913
-40087
-48570
218777
99417
81803
-36364
117369
25126
-165878
-59569
214008
-85317
74507
142323
-200289
-132122
-181444
150790
-181829
326
144093
133307
-199954
21980
7497
217877
-219495
131635
159694
74180
158932
162425
-196997
145615
-11939
65618
146872
86577
-211395
-144934
-204193
49779
185429
165062
215288
-50949
-44936
62778
168386
-113557
203086
140212
70692
-109609
34387
-126823
217625
-188489
-125865
-3660
196738
-120563
-77380
-39596
-154406
37392
40390
-131736
-179572
-57412
-193771
-105619
214787
-178559
135170
98051
-193283
-44511
-61482
-112421
-25370
69581
-53498
65410
-81474
-170125
-182368
-64866
-945
193166
-218116
2316
70852
81556
114844
41884
-80567
184083
127093
-146654
160961
65398
-81194
183572
-167512
-119319
-145822
-110232
125978
193696
15918
-177204
-144476
-8685
5539
66093
-114521
-76483
-181091
-189888
-80571
-62958
111697
45678
-162026
-168788
14501
-216050
32486
-166984
76841
85406
61607
-89794
-217876
81151
192023
24832
-195899
-218089
-148967
24101
-186277
-217648
-96573
-143169
150532
184233
40281
-134491
-158403
-113791
-88243
41423
-118036
7698
-157710
186061
-7292
-88463
-93504
-50976
60969
168362
131268
-209573
377
-16554
-10456
-191504
29718
92523
-73724
-41893
-8332
10482
196963
142407
176500
-218247
12220
57431
-199323
83891
195052
-67606
-97752
150260
-201760
14105
-118474
39280
-190960
146222
54371
61506
-152698
175938
130935
14807
126286
206091
89281
12629
189930
155718
102858
126786
173330
-177673
47471
-82019
154230
1155
205189
140057
-24747
112295
29751
-76622
100590
51071
78627
188767
178084
128163
131818
-138138
-42421
94989
190004
14639
-89898
-175785
64195
-147217
20615
-78876
114196
-115588
166241
166748
75076
-190590
-130443
-106853
167711
159684
-138298
36867
98146
98426
-131863
48891
79735
137107
-219309
141941
-8729
-56693
-157690
26695
219155
60996
-33153
-198240
-113809
128233
-185227
-93186
72179
-191480
-6046
-67409
56307
-141578
195921
221743
-216389
186568
104210
-120683
-175393
177840
-66107
209188
35798
-177192
93438
-162481
164897
152335
148896
168730
83239
-19366
-105727
-172009
-75115
150480
-136889
-111270
-197920
79288
-177997
106545
-16961
38254
194535
133971
10798
-97544
100549
75904
98291
213845
165029
49934
109936
-132649
184817
169302
158102
-2914
-123320
196249
209874
105455
-105195
-53050
-61040
49255
-82052
47527
77592
-110500
116532
-150362
-136282
-90595
-41111
-94306
-134407
61365
134417
150116
-96888
-40028
-79938
120714
-184873
93994
-198598
180781
21985
-220395
-118249
-125564
11341
78248
-178020
-167868
-110556
-49423
26959
-30675
110192
-103317
-204454
-147836
-203299
-97616
-155323
-26323
28507
89508
88051
-87507
-76746
123072
128807
-123269
171917
-85903
85863
217589
-87569
121833
47814
-3815
-26289
-6366
-169806
85831
124801
145031
-81052
-159413
-207796
-169055
103845
-185348
-139859
-28734
173761
-98343
-306
63911
34550
-81175
-90126
209146
119696
-26164
-115757
-59183
107679
-57750
-68688
162466
-157464
-12834
-79056
-66737
-103398
-168304
-153386
36358
-149445
-21205
120940
-40026
19394
-173349
213597
167509
-164970
71476
80010
-124959
104511
-221573
44232
-71602
143896
82031
-103834
-42175
114883
117334
-102710
99475
134208
-135892
-72109
-188881
-126003
70974
51447
-107377
-221678
-207395
128327
117355
172884
173477
-119355
2540
-158205
71461
156639
221430
-26335
-91145
-210117
184484
-79045
3069
-138467
-62017
-96777
-49062
11571
-104433
-193099
155193
-97645
-121044
103563
-23964
-4438
-216902
-149811
-117956
5293
162539
140105
-91146
33629
-109461
-68508
139522
-129653
-153264
74166
-116664
-147016
74066
-17456
100852
-24654
-123087
27552
134547
54925
21735
-167961
-90448
-191258
-173447
-145363
58823
-159046
164306
-175869
-80684
-26480
-58494
-67077
3859
140267
-36817
185973
121264
-95243
-167679
181811
-139972
113586
-4548
158266
-141723
-38874
216584
161402
-114999
-158825
71502
-52890
-125232
-82959
-200304
156662
47316
-87120
208487
7224
-51907
23227
58165
77414
174129
-192092
-58887
135852
-203317
70467
147752
191070
95906
174920
89929
27900
87921
54569
-211274
77313
-84876
-218173
-49257
163222
-122699
32633
-182780
-152551
-90158
70041
-39192
-217684
-181004
98241
68044
12562
-100400
-66375
-164533
115246
11430
96134
-50481
-193128
-43795
-54961
-129198
-127481
33088
-3468
91835
126817
204355
45572
115654
181438
2537
-125248
169565
168400
-116259
30188
13982
183832
29710
-135979
78487
-83735
152207
-106809
-26541
34103
-214151
-218430
200113
628
214725
146437
-109661
195053
-42712
-133292
-104859
-172992
-162269
221166
-130901
-167596
-72924
70002
-99138
68504
-46537
124519
34833
133166
207933
-98194
-180590
221468
56114
-50137
43719
-38663
16091
-27675
-10985
67829
201968
-195962
133729
-98258
-35988
-216217
134574
-135011
8780
-105904
-198939
-204322
168385
-134725
-188929
-83528
-36986
177303
-8854
93402
-129010
-215369
-221478
11496
-119983
41487
184041
188046
133906
63302
-158620
-196114
-75426
-211527
-171790
-123564
26049
-115740
-40884
166260
-26189
143282
137643
63101
104993
-171137
1667
158334
90064
-212072
-177331
-90736
19722
-26914
-20391
-5905
-61201
-99693
52393
-101769
-32709
-9568
-123894
-126244
123128
-113039
-48978
102593
70527
72960
-52412
-205459
98943
-96248
18295
-52498
142714
109003
-138252
-94364
204424
172585
79154
76741
-160362
193003
75292
-59103
-58228
-13512
60075
167890
114225
60126
-42628
-149009
-131130
-216624
-152082
-115628
-169126
-81438
15192
144018
95804
94690
-211550
-200835
58796
164176
-170453
179387
43760
-133605
-87176
78305
129009
-56014
5097
44885
5428
170278
-163187
-3127
47834
52740
-126243
-115175
204672
-72480
208635
155950
-144933
-122470
-44198
-82457
-177155
43096
-178324
-42983
134130
204147
63855
-111638
44027
-60547
-22838
147594
172947
164087
60304
38582
-29835
-9869
-167407
-65493
-153513
39649
58020
15332
193269
55048
-190997
-194712
11373
-217299
153156
-38692
69907
-215398
-92846
-8654
-191470
-35052
110170
-45240
18278
-216719
-175355
177936
190826
146492
154875
91473
165287
-196997
-58830
198998
139205
122792
-145459
182654
-100784
-222038
134211
42584
200005
155533
30548
-8400
-221484
149253
-186243
-14222
202061
220810
98414
106163
220710
-58980
-77905
78787
156860
-29729
-211999
55822
56934
163461
192107
210352
188786
71736
-115184
-76426
121001
-78434
-18062
167251
20538
161266
-41595
59598
88795
-110657
-194950
-157774
-28605
166142
-84074
122244
76963
216636
-143583
153309
128443
205499
-10593
-210889
-2790
-215431
63783
-9350
136291
-50520
35853
194041
-168759
154654
-157498
54328
49472
147384
-178887
58002
-126366
-187271
-73270
-187454
-157474
-147744
-125844
24772
-30421
18801
-5908
-201404
91602
170039
72055
-68285
-51473
34277
95612
-47977
-199658
-168409
-148744
165743
219961
-55372
-74392
-129759
70014
164495
-105426
180860
-41244
133610
-221134
-128867
221948
-168714
210718
-95003
-88235
140850
-64582
-122825
151128
-150731
-173223
55186
-105693
188934
2507
85657
156002
9126
212481
145664
90297
-135346
-172497
-54607
144620
15046
40507
202392
-194234
-165813
106286
68325
17306
58155
47093
194280
-171695
-61249
17654
154151
145364
48856
-67235
-50291
-102397
216052
-197485
23880
97424
132693
-112476
-79800
40476
-149827
-118423
-182797
-102858
57068
132678
-140111
3836
216187
-46700
164874
141205
102592
-154536
-204119
-172678
191859
-209565
-34218
109300
6455
42181
161275
-196093
-130489
180145
-57854
118323
71563
-2503
217529
-77025
65862
-217297
149658
-185443
67374
-141590
3948
80633
71870
72751
-169744
200694
-41059
145257
-199207
171847
58425
213605
-177180
-134243
181040
90837
-74698
51631
38334
86311
174623
214247
180770
-190469
-129211
-125294
101065
192450
-1054
95211
50172
6987
-46553
-106220
-85024
19898
-219052
-120221
21631
98752
-106546
-180093
42002
178588
-48890
-186755
92290
-147734
135704
215934
-31282
68179
144543
119034
126208
50745
184278
109426
214032
94047
211365
-136128
-219188
204184
-160518
-123407
85680
49045
95921
49519
81393
-183559
-11503
-103831
163223
134797
-59361
169572
131626
198282
41065
-51691
-81848
115925
-196967
53800
-70978
86804
70294
-167235
95089
-22603
-118256
48932
154500
21356
220459
37862
64375
14849
-81228
35880
-43550
-135090
-152117
-112183
-84169
-91050
-148638
-213834
-123166
-24520
-179231
84431
73258
-132758
-154925
-211044
-110470
-149204
-169073
110812
157829
20348
-40748
-70602
-84845
-126361
124521
92085
-104750
91712
-66948
167746
-157448
198531
-209019
-4272
-90901
-2503
-137098
-182869
47330
-166946
24489
221872
166809
-216825
-111011
155276
-188404
-13289
166345
-165411
-216721
126059
-90125
-126313
18835
11538
20591
75153
101543
-92383
-9659
-140219
-83448
-92226
76841
-96389
174984
87256
-123141
-221789
-37600
74024
25934
-21506
216374
-155488
-114169
-88463
-164943
-73060
63788
43008
161155
72776
11000
78130
-130140
189507
-148270
-101662
-38020
-34482
30380
57055
-157061
-117425
218957
-175820
203699
212629
52429
-118580
-184438
-104014
199643
10273
120028
-49330
-152685
87029
-129102
-137314
214058
107605
142970
26997
173160
-82813
16322
83100
121680
-212275
-201629
61563
174948
-126717
81530
114149
-78090
19010
-134020
-221637
-193538
-146708
102945
33362
-140245
219658
17847
93924
127483
17537
207574
147257
77383
37241
-101213
-28750
52221
-8935
-74608
-141018
90330
-193634
218387
98314
-188838
-40893
-132443
78417
201361
-69777
44375
-104177
135861
204607
70709
-92594
140358
221265
119705
-213284
149182
-1114
106549
66894
18589
-87314
-94906
103126
-131336
38298
170488
74947
-72143
184070
-123406
-42020
-137090
137745
196208
27967
-187766
-54223
-107907
-177920
87557
-106070
161649
217089
-110974
183336
-10320
7553
-91535
5288
-90656
-131749
-133097
120294
165346
8245
70310
-99024
-183798
-33546
-36612
-57651
-27018
208794
-139773
136000
141277
-26892
-126977
181791
-26692
875
-28775
114506
64368
-217077
-138191
-104152
-179097
25044
63336
-104742
171767
-17445
-73617
156360
142264
69757
195204
43259
116633
166055
-47747
-10936
-85738
111028
158176
-91810
5696
59165
92908
-5314
-74372
83549
-9842
-217222
92294
-188508
81326
168602
-178461
-167515
198555
13527
182197
-213418
128653
-26693
-192334
-31545
123740
89645
-179801
-34349
1610
-213121
-167104
-12819
151724
204876
47946
-21921
192156
-4507
103766
81659
20577
-111204
-85736
-28401
104770
-147595
-121854
-51944
156039
-28925
-138964
-139000
13003
197603
-186138
175237
-196491
-30485
120380
208739
-220361
76509
78575
-92562
-181438
39965
-84442
94906
-93305
-102862
-142874
59512
-216638
-31363
-11360
54129
-22691
-14031
84749
-54665
97299
-215725
215455
172106
-56371
-89039
-70448
-198203
-211923
64243
167946
171886
-105976
187073
193150
-5248
-216733
51468
209156
-119807
-99087
175221
188550
-146458
179988
20594
85780
-72966
-81624
184091
-96486
108169
145193
94320
48010
-171345
-122137
124429
-64240
62974
-202594
145909
106611
-41033
-123869
-123550
-180184
-163704
-127916
-117697
191266
87116
29582
-84561
148747
203065
-137720
-115437
-50795
168252
-94032
197361
144921
-23248
16145
107118
-99929
136268
-2515
-213311
201539
-119154
160809
205247
180418
164965
75151
-138506
-173917
47437
-198988
167046
-151196
-182242
7964
-191470
-31361
135349
87602
91780
92179
-164515
-93929
34391
-194579
161639
13347
-28837
18180
-87801
209174
-33550
54290
128808
-42675
81195
111529
-2455
-214226
115871
-30583
-27788
-207850
200571
-215050
153611
-134594
-47548
-167587
148952
-137794
204229
197116
-123552
-219908
17790
40023
-190831
37651
113049
48050
-96877
30040
104726
23451
22857
32385
-90203
-124062
200283
180581
91773
-133082
51672
13871
83793
-13908
-219305
-128472
87199
-174354
-155058
122895
-207164
-64663
-121921
-89685
132017
20220
-54424
208408
109864
-137358
137202
36958
-130645
104233
-100052
36923
39667
-55651
35387
-131006
-49654
162784
-11771
207231
-198045
202222
-144026
155312
-167725
-183389
172274
64584
-162709
111839
-216261
37713
-191240
-109509
42733
19361
75065
162783
-209651
104222
-15287
-138822
-113694
-199244
-107671
64870
-122057
-205820
154169
-146685
182896
-117114
-51126
-122302
173651
-50148
128112
-118834
-210473
-116026
71814
-109541
3309
-122527
89721
164802
183372
-65042
102892
44574
-142268
32280
124595
-183185
108449
-170637
-156039
108390
-87117
148371
-62091
56855
-194650
-118008
-144256
-102757
215968
-203414
-161083
115812
-41708
79667
-5719
158385
-216233
1265
46693
-65755
-215669
32019
173017
-108384
32109
19188
-60936
130879
23327
-88010
-21626
-104047
181289
-118638
-39903
-92475
-109641
-136442
22325
96210
-102189
34114
-37812
-62612
49133
-169165
107581
-140766
-132222
-137218
-93974
-80451
-294
-149581
127373
-29309
210843
150606
158656
-126900
205521
-124440
-33870
-166453
26979
196863
-47393
-40473
80487
185867
167545
-89184
-85637
-162541
114131
178427
76163
131106
110036
-149519
-86107
-87558
134219
97593
37679
129567
-86683
-11436
84137
-126491
74825
-35826
-199795
106878
-153095
208686
-105385
207321
34806
189436
-106208
-176829
-72783
-163426
15010
156769
15379
-85722
62263
137742
-172356
134068
63
75187
190360
58039
41296
-193447
88776
167291
163726
18771
131186
-192498
-105739
-161454
-153809
110892
-79609
188761
-182647
-9177
-183070
198046
110215
179621
-33024
171021
53413
-211590
151089
-9415
-104002
-148384
169828
-218157
167403
-74637
97985
133793
173263
-36388
74841
-79515
187326
129035
-27545
-35901
17210
-213146
-193167
-56145
27862
125229
19201
23671
-101257
-65003
59968
-78286
-77980
89532
94363
-187556
49489
-185501
116750
146084
-191339
210348
-91621
-89421
175073
132532
81885
-160054
155084
-80582
139729
-219093
-3606
162776
-211667
101778
3018
92429
66631
14194
-91823
111173
88215
7469
114923
202593
194573
173646
-155393
144026
56716
-153162
116050
49290
-113445
164729
72858
-33136
-4812
-119934
-195456
-131181
43031
-4707
18774
-150192
30667
-206487
176345
1114
-156764
110503
35808
-47468
28823
220992
-197341
123555
-62258
64669
-40218
196712
-65650
87224
163298
43329
86671
21303
13763
-94671
89980
16291
-39916
133083
61674
194013
161946
-42906
-145339
194875
-73332
-188817
-98829
-170267
-63473
34339
162813
13517
188366
80010
-84851
74648
122588
72893
-32434
45103
-127168
-198201
121613
-81585
-85818
69444
59018
129857
136502
64748
-46570
-42384
25243
-6819
76413
56224
-117114
132021
-63479
90272
176980
-179470
148217
-21049
164592
-85359
112805
127902
-665
52045
43514
-26607
157443
198211
215474
27896
218742
-191171
18222
130886
26932
-210283
-51906
-18835
-142049
21355
147225
215024
221031
189652
9740
-71522
131994
145755
-195930
70516
158463
46859
-123677
3460
64533
108891
218434
-143461
3528
24318
-26262
219304
-146932
210967
183713
-141660
83284
-192183
121653
155661
-69405
-202341
-73820
-98389
176211
-15733
141714
-103134
163946
115834
201067
36393
-1650
-105754
192851
-70212
-78998
-109621
110418
185269
-131665
-164323
-124920
91682
136654
-93966
-83336
8903
-201001
-221005
-198492
-68851
39406
-13719
45832
-143088
65627
104740
95093
71324
-173178
105895
175531
-42099
-108135
138589
-136015
-72442
188519
100886
197247
201228
177693
181618
-113937
-40175
-40450
-110037
180975
121197
42762
-42964
44091
-101337
-171089
160024
-25372
10281
-158486
50458
118735
205088
-51269
-20360
-107639
65168
68601
193364
-6399
29893
-195374
188528
-212249
167768
150787
-101850
-170328
-9613
-212386
208505
-61532
67732
-58716
174650
137985
-78068
-35890
78536
135936
123019
199952
-98850
-36489
20298
-117726
103330
95567
-32402
154155
-81785
-174204
43285
-80352
180581
-167563
195037
25381
-99486
209461
-114856
7359
-45493
18666
-72407
-97481
-190782
146094
12829
11334
-160652
-170508
139918
-166346
113481
-206770
-117351
23493
-14592
180134
203270
18151
-62687
-59169
-89584
26663
-76079
199502
208016
-10965
-186514
-219822
61770
14733
155944
198698
-183022
157594
82712
152889
-46568
-62269
95919
72312
167305
-41482
-208038
115281
-215806
148409
98575
210722
-191817
-161748
7807
157750
155907
-137657
-107784
199718
-45235
145819
34725
83413
-201878
-97742
17134
-136620
-80956
-185228
-159795
104055
66106
181782
-43831
200813
-190121
-17869
215139
44345
-212771
32271
-93085
21045
40661
-106229
-44138
181349
-190166
181422
-185609
-103009
-25896
-121767
-217101
24741
-112711
-10942
-69660
67061
-101249
222065
177269
-183798
-95224
-55297
151642
162349
-66603
180710
-137605
-123028
218931
129803
78947
-205151
-186169
-199458
-208534
26285
206571
-179574
-139699
150851
-192498
-71962
206290
43508
-22894
109267
-82448
118006
89197
36478
-47931
154401
-192762
-93307
-129644
105980
158408
-48984
-113390
53975
9018
-156887
-79446
85168
23553
-96809
-100260
-23166
12819
-24125
49375
-8324
179567
125293
-84621
-29066
-114031
200781
6041
-63152
-145568
7966
166789
124506
-169324
193120
-154827
38728
39070
178799
-102794
-191956
-154417
-58423
-195637
24518
208774
-6590
59259
-6324
127706
184734
113012
-29576
20665
86158
-57670
52343
97224
-214781
-212100
142668
134835
93755
-11275
76751
-1310
-83560
95685
-4121
-59343
-114687
-150858
-179142
202341
210917
61312
87680
42449
41791
-28184
-192746
174070
-60517
103781
-24485
-168939
-97047
-84757
-158364
202839
112751
108529
-143195
62188
-117133
-174999
185878
-146920
109716
-19932
-101896
-222163
-30661
108367
176846
-54838
-40602
-166670
181406
-19293
41090
-209827
62150
-121215
-64970
-27000
-130818
132542
115647
129883
-121036
131397
72040
-92968
97715
-99586
-95280
29816
-69477
-191206
156720
159260
195038
-150190
-190281
205896
-36407
-82783
182475
165551
-220727
-102491
82116
34053
68332
-90777
77803
36267
-86445
-45838
58790
-156441
-84522
-213882
158680
39466
71883
-118883
32855
-186551
206038
155527
142826
-180916
-26503
121902
189161
71444
-65452
29519
2240
65598
-34669
-43549
-208041
-193817
104412
85731
-176578
191130
72953
72819
85201
77213
-48224
-3935
-139007
-95582
179562
140875
62002
-207586
213449
-108772
-76029
-94926
156790
-54244
150250
-181454
-79020
21098
-197864
-165324
73586
-193629
-188046
181553
93640
192361
-197743
88056
-199517
-129530
-138404
101180
-206276
50302
-69716
-42480
17156
-171276
-90257
-152568
211807
-45461
-157271
69781
87685
-87568
-102932
47882
14928
-173117
-177639
-29040
-118143
54151
-134517
182680
104682
-42310
122600
-36566
-80697
-60134
154706
58058
188412
-107431
163126
105766
159092
203198
99413
-38199
90369
80442
-151536
106147
-161349
61696
131956
69400
71171
-62871
211062
56803
-63437
118649
-196661
215804
136421
81376
97755
19167
-103195
-44545
64155
-54803
-52336
182005
-111227
-130873
7501
83904
-72811
156164
-203142
-89019
172321
105976
184008
84362
65500
132451
-91816
186177
-13933
36833
-173020
48821
124205
-108366
-108136
-203383
-150655
166701
108380
14719
-142571
-106676
194854
-189238
69513
189669
-98424
-196515
212749
150173
429
8056
-165143
102575
11853
-211290
147983
47367
40214
120624
13983
23958
-27722
161371
-88614
29288
141193
117331
-105855
-76604
-219304
169912
30228
-85574
29971
14783
11979
-21052
141540
-112277
52475
195173
143528
43243
-101376
48078
-16180
-190373
189670
-31304
-101390
89762
-173635
-183501
78276
218199
-51992
202609
175
-218751
92846
-221025
-199519
61799
66957
-34127
-211181
48879
221278
105503
-70093
-73250
136293
205396
69693
-106489
-182487
156254
10842
-43291
-115129
205561
-11596
-87064
181454
-215971
-17315
-53569
174095
20021
-110449
-188040
190499
112741
95196
-43731
46075
91582
81405
-184126
3834
-120450
146202
-40725
-213956
-177242
-218485
91593
-105396
14812
-95136
10856
193821
154703
37665
76209
-114115
-67371
94608
173310
-160894
96729
147761
-181981
89675
208317
-210130
173110
92416
8744
-54760
44932
146789
-202003
40300
-150933
128703
4219
-204501
-156715
-63959
22004
-4204
42933
171753
37355
13778
116231
213160
-19488
114661
127841
-80652
-219963
75928
-187366
-106423
167887
-48589
-194145
-58225
133782
152574
-29426
-101936
141573
-169368
5256
108741
29048
98740
-50871
-6862
133827
11233
208895
211395
-205322
-219217
76243
180214
-99347
122525
121616
-199558
98955
-148841
-140918
6763
-49611
-150178
-192919
111291
-97852
-89036
-110967
-89372
155786
32039
-145794
-89337
-120200
84978
100879
-88204
111494
-87383
41923
-34065
-160099
73717
4062
184030
49286
85326
-102296
45470
-140878
-127652
-28468
97031
185909
55712
-186467
-190959
130961
40191
-77996
10157
120701
-157161
-175170
213305
202364
-212996
-148325
-166044
-108433
60237
-140921
9352
-96145
79565
105696
-129226
126090
78822
-104416
14702
-170527
-136381
-93269
164441
-211518
22591
-28563
-89826
64892
-167087
-112713
99072
148285
-67040
-15975
172810
171992
-154713
13972
53572
84706
85298
-177190
-165347
-99584
42878
148824
-185074
3977
96346
-35922
-179798
-203368
-203963
-13796
-39018
-80392
-45863
131406
-200411
-124517
-122628
200636
-113920
-113658
50883
155314
-136080
197574
18071
11699
114503
184691
-93983
105685
-205185
207843
83648
46785
-148085
199245
-204860
103734
134889
-23764
186573
145267
-107814
53914
-184302
179871
167562
-75156
95720
102119
211298
-53595
-174402
-118032
23812
-66661
-192563
203917
97508
142325
-113470
-67307
15933
74544
-74260
-42864
-163605
69718
-20946
-54725
-68256
6012
44540
91902
111202
-63986
153853
169038
-219469
-13201
21597
136958
212175
166294
-14010
-169611
730
207748
219587
154458
-185686
143859
202453
-66874
153449
-49389
213212
77014
-107802
55494
209868
167769
-15468
181249
205298
-102203
-101178
182311
97906
124860
11721
-39785
44327
-138305
189418
-109616
-213549
-185463
35940
70640
208258
66524
-219172
130722
-188604
-80156
-139208
49041
-179896
160195
-142488
-105585
81061
140624
-37391
-194675
203885
15189
45444
-122805
-168237
-104655
-150994
110933
-109211
12600
175432
-66137
-140917
-53820
33074
199237
-33084
-89796
-20170
-117035
186757
-91655
-22840
-12692
200247
66650
-66458
207680
98390
-188597
-210979
70225
-188027
112268
-152223
-148917
113194
93326
139223
129085
-39456
-171993
-149277
217589
-127040
-141798
92335
-87772
-90324
201945
198210
-28119
152315
-23809
-151165
140836
183706
-121797
-191813
-3253
20579
17371
62483
180436
-208348
10456
57057
-146060
3850
78412
142559
94965
187359
64425
-207229
110857
-169445
201827
-30904
168464
56392
-129328
-209782
25227
-180375
190622
93084
100321
84588
97251
-6080
-180629
-197457
175517
-179277
-49450
110705
-221845
154688
213553
215017
88540
-170044
173739
-120487
-176098
20812
-183619
220522
32879
-20529
-62308
47093
66330
-200047
41914
126033
204667
13497
168485
-31081
-217840
-47241
-188921
-156436
213532
-192514
-122245
-222173
80969
-52837
85875
16035
-16469
8895
136352
-34449
-50492
-32851
134187
-165577
138694
79271
56021
186964
11777
90701
214884
76055
49319
110641
-28034
91813
214897
202127
169240
191447
106179
-189360
-167469
48577
134546
-65376
77593
-160825
-210686
192048
-70796
-1678
-99392
-84076
87709
44323
-18587
-148659
18656
110886
-191051
-20616
-61702
65033
179619
10032
130324
-127837
177533
-63138
-96342
81255
33962
8921
-205273
6530
-215903
81110
-123670
-155201
-32839
-193600
-117793
126809
-132215
44631
38819
-195472
102564
1432
206814
210897
-160498
212901
56744
79472
-55343
-146415
29307
-113235
137854
-100140
214908
144006
-48785
117494
20607
175749
109456
46694
-6691
48085
-154773
-63953
-91150
65521
69401
13184
-95099
-175225
3709
103147
188928
43856
-123957
-66224
-60858
115974
105858
215171
-163386
15162
152822
-182795
81409
97210
-195165
-155086
13572
110743
57460
-163987
-97826
-150632
-56999
135237
184977
-86981
-68053
-112290
206390
-50745
-145619
-217980
-15944
51420
-58497
195993
-218224
166443
-103606
-84252
102240
-76094
-47432
-104736
6354
204710
-132798
114156
-60055
-95917
-78160
174352
194567
-78607
-157887
-167937
127300
3201
-76108
-198349
-172995
87331
12452
-22498
-115651
183304
-67634
92255
196198
2766
-69285
35871
-94577
120582
-46723
-190318
-208057
-69636
160358
128140
38825
140415
-126301
-22285
76921
-1887
-36879
127826
-145052
-191336
-208706
-122950
69386
-149264
-202382
-201642
119132
-44320
-204413
-206992
105315
-52630
-92767
-215292
-35352
-58447
172971
-94879
-63019
-55154
16705
48811
47282
-112616
-106620
179039
196127
-3422
-90993
103127
138933
196664
-62723
-63442
-139693
-217013
-198647
188811
-173070
-213763
73427
-93904
139094
-53145
170960
-69750
-86928
-132494
103920
-105248
168872
182126
-29931
-125249
-45289
-57959
128720
-221650
135598
-123686
-114358
169710
134358
178977
96081
168520
135451
4179
-113330
-45247
-153787
-40774
147790
209504
164361
115799
185007
167608
105277
60666
-44233
179929
-57480
-52520
143134
-91637
22469
194649
-160499
82694
71564
-19701
-124991
155594
-151329
12477
-63473
7286
-99596
61383
59041
218728
65425
-11710
44671
172963
-26696
-3742
-108562
44618
-95633
-110052
78361
-10058
178048
-161281
-192923
-183052
-138484
-184110
100570
194214
-28681
-183073
-94512
55407
-21939
-40437
76943
12821
-187926
23536
-12114
14743
-155445
140039
-203288
-88383
-216682
-119791
3357
-45842
56268
29726
148331
83777
-149099
-73756
-161623
175640
98910
30263
-49435
-13691
-172150
-98755
-22145
16427
-136437
191499
71046
-156913
-135981
-69298
52030
-84881
-210652
166336
164200
131807
70760
138746
64240
-46329
-212291
34529
-56370
-121605
189820
-176020
-101428
-188590
59567
-114470
46642
55858
-219230
-13120
25107
126263
37571
-150012
-147795
-123023
-139718
-194306
563
82950
65538
201691
-122200
-178736
81719
72883
-154326
141380
197732
153038
-126961
-38416
-61175
-149554
-134081
-117171
204235
-65259
-221900
40977
116921
-42026
-153860
4644
-134207
123775
157257
102969
84333
165609
10107
-15211
-55667
7433
3493
-78829
-208390
-66048
199176
-166230
140509
214184
-129720
135031
166276
31300
183932
1730
-28080
73341
11730
-88178
162525
-108077
183366
34987
151722
151895
-162623
59517
42174
-55195
184990
134752
-92786
-213005
62247
-60367
-39118
94106
140137
48360
-145673
-104556
184387
196101
-187890
190446
-192646
12304
-10433
-206236
77780
62122
-211064
-124285
-169726
-37583
6412
-25242
59674
-107530
66722
201343
-35854
24822
-59022
170246
39482
813
172725
96806
171515
4427
159585
-88386
-38351
-141841
31924
29494
-60642
-66007
51632
-149206
-108766
-79305
8290
-214554
73997
2954
222025
130780
-106035
-93294
32714
-2899
73005
64618
-23291
61212
191665
11001
-15721
-102006
79109
-42780
-124059
152511
82507
45940
-125979
-154076
14131
-175365
17643
174005
-10101
-142469
-175523
25570
-12929
-184628
-159725
215612
-161910
-57525
220484
-138017
111960
-67621
-68108
-108551
196176
-85764
-185889
-58631
82644
-164858
141594
-40732
183246
-26787
196322
-30419
211602
155641
-89154
157770
74215
-196426
62111
50382
-168101
193867
53588
114375
-24624
-11505
32099
-95962
-47348
125698
173520
186096
-9809
165424
90950
137685
82695
-94410
-44409
-155568
29284
106224
-81419
-127188
-191884
115302
-75008
-124834
184758
43581
-152566
-15415
88361
169708
12567
48546
-51054
-60214
32921
-29001
-207808
48324
-216430
-180356
-20142
61434
32597
194274
-29932
184401
-141168
15311
180066
-87098
-84464
-149447
162782
-61463
49369
151926
182684
192981
-140450
-193257
-130193
33222
-190603
-40493
64134
176000
-97676
-145956
-38141
-139665
68038
45184
99930
114220
-146913
-58001
-47480
-77960
53428
-19816
191345
52347
-104529
61786
83603
-129
-221243
-41325
92681
142380
-192812
209450
-76116
-93801
94885
-60674
-202767
-168861
197091
122950
114248
-132618
-169674
15900
-80740
-53353
20908
-120753
87251
32322
219070
-76575
85159
111344
104091
-95446
-131140
-35553
147066
212341
34826
-45828
-66137
139981
-206952
-149532
-36037
-219815
-10658
-125825
201361
16030
-90209
-35259
178605
121884
-71653
-79608
-196720
-10217
-39444
-89583
6700
-157185
179922
-77116
-6730
183816
170654
-58805
12946
-36362
-103233
-190001
-173110
-36982
7396
-108377
-148067
-46125
-75604
-219783
2947
149740
-110818
30328
12111
-174920
-31357
84532
158870
192070
153514
-97579
30806
-100229
-189875
-196620
-179309
-130626
-203431
184567
4564
158296
-36411
75805
-214202
-217452
25320
169555
2702
137332
-112257
-197688
203478
191405
-148668
-47865
178653
-41126
185968
10030
-56967
171895
106332
-44176
-4185
40182
200589
43377
-17108
89311
-44645
201701
-88014
-182947
189834
-188919
-98372
-125423
215452
-146529
3811
85981
33202
-27526
-17755
63530
174971
-81052
-44838
-35393
-125784
-103208
103397
-139720
183401
-50368
181067
-181705
-168730
-199840
-12102
107864
-17462
-149494
190528
-166268
-98494
110265
-201547
89958
195368
156755
137241
-159997
-25124
101376
63358
135506
106725
38407
-210677
135047
26324
32822
-178300
219297
-56621
109538
-88355
-18705
106244
-70917
216711
102698
-173315
-112219
219929
1559
117487
-42606
48034
-203927
81598
206424
-35802
63267
22756
71337
-102155
138130
-77988
-219829
124894
175781
118900
-193891
-131714
54461
167452
-101410
-58269
-163873
111075
-156903
117143
-126588
25757
221617
-9213
-203197
44042
-201148
-69840
2525
-172000
-205317
-125843
80547
-216151
-52930
53961
-56738
-179067
-198175
210637
189299
96399
147647
-47432
49458
12014
125139
-31357
-47913
54478
36817
-64811
154186
-145760
36457
218744
176848
-34751
-120081
-110881
-151959
91093
-78856
215492
143054
15050
24320
192505
33689
216265
28864
86475
13265
111477
-119546
-220488
144888
-81732
179393
-179848
-89870
-200507
196106
97540
-147245
-28572
54746
-178764
108696
110737
-181675
-147573
-119407
-205479
8118
201243
-45311
-85538
27173
40020
-182655
155006
24909
123729
203251
-148540
-167276
121556
-177285
209018
-86895
65178
-166708
-155469
-91458
-186342
-147459
-108841
3258
68236
90114
-119045
39629
-165828
-89639
-108192
-90625
-155468
-100399
55374
-12061
206181
194182
-53178
-132957
84994
-70717
45227
-54241
-61694
-75037
-126083
-148549
-108378
-210803
-221221
38796
38295
-111555
-43903
-25893
134890
-38086
143939
107390
26433
54695
31109
-87075
53748
-198950
27132
-200294
-130267
197501
-80513
-71065
-84347
-105023
-185434
-178031
108580
-174877
-51801
-13105
161547
-37901
205764
-3918
-107651
-18754
92901
-167443
90862
-140146
-170970
154294
-74501
51672
16696
-47816
-155524
58942
210166
-162358
-211219
-138116
12741
160959
199920
-56313
107706
89720
99218
-60413
-154276
-95420
179949
118343
-115411
64687
120748
-217065
128854
-62778
192549
-5450
-219808
-54417
-210072
71372
204568
222197
152320
-82399
194231
113929
-17076
-72695
44395
-118818
-20354
109118
52357
374
219347
90194
-54681
-47499
134649
50555
221195
-216124
129700
81697
48403
36640
20107
-21672
-180293
163863
195658
-76426
158487
150911
21578
-198230
-177201
10041
52558
-67890
-107359
-53310
-110044
168239
156827
63224
-217543
34493
169141
198721
2187
84430
163544
56885
177217
28477
38433
-62750
18631
-31980
-202881
-110504
162762
-28828
88731
120362
-193952
164042
-123841
129610
67263
-3394
-84557
89745
148827
-118435
-200252
-90067
-61455
-185237
118409
-173400
-50680
84120
-49563
-110191
-97443
93009
147492
190589
-207368
-210418
-178951
-196955
-97430
109918
28885
-191956
206145
-9189
25257
12321
-29724
49488
-3886
159231
-176480
138375
33872
-205000
-66121
-28966
132727
-66079
-105320
-62328
-209931
164474
-217597
52511
-38444
83953
-149887
-176862
98653
208802
191334
64742
-58746
26004
-58775
112249
122668
-129607
-27140
-220295
207403
202507
32709
-126215
83551
76804
82338
-84872
-17591
-69638
92930
-208375
219267
160618
108863
-12979
123902
-88625
-57999
-149754
101320
-183791
-61086
-169891
-3011
105769
16062
52814
-85955
-100215
-93838
179013
-101663
-201529
56504
-72176
43982
-101335
-211059
-78892
-215222
154595
-197703
208235
-53242
149065
105682
-83218
26366
207489
-106611
-121874
-199344
-60583
166030
-29826
-197292
176391
62544
116922
-32546
-114174
16877
-175206
68657
-60236
169932
-134933
181779
-81319
-161251
57874
-210282
28085
10938
141350
129403
70997
165331
46236
214717
212382
-39843
121333
-170285
154353
214903
-103821
82890
214953
101930
93179
-50534
157900
174055
-199251
70681
-49174
133331
-218868
-52659
-12393
108433
71252
124418
8148
-209646
-169462
183620
160370
-78887
-88273
-145729
-160431
191231
-105275
-128478
29153
30980
198649
-207159
164119
-15802
151094
202056
89847
-125456
166424
218293
124938
-215450
-78288
86044
-219073
66572
6793
176496
166621
-186847
-66715
-164335
79633
-210241
-53973
-2483
203715
103260
-41651
-7776
209593
169399
36355
-141922
67692
-214232
-19965
-191673
44653
67894
-186464
-2043
21145
-83949
119610
-99935
-182812
-11398
150513
124290
-133823
211549
-144976
144543
-101423
205964
948
8807
-92679
75023
178627
127239
112758
112403
149316
130371
-53235
-106512
-26558
-88780
-218068
54908
-6366
171700
-213815
112834
-123063
-149344
-81328
-102294
136972
211091
18261
171121
-96659
-123473
-85972
126964
-148105
-143668
30954
-169029
70181
2969
96212
67735
-157827
-191341
-124931
174760
82083
-166016
-19496
-207166
97753
-49863
56009
-195572
183474
213134
127654
-77051
211831
-205602
216035
194567
18411
-119748
147491
-58153
-101128
133110
-20968
-178346
-39693
-139630
129113
205262
-96815
127191
193283
-40204
39788
-124776
289
-58014
-201268
152049
-169471
-121870
53018
-137146
52650
187412
-186201
150333
158860
-125224
44889
-192255
-69567
-134650
69948
-187104
39592
-117418
-118043
16397
118556
66973
-129277
95772
-205504
130289
-210328
-39162
164271
92902
2111
-219929
117153
100449
-19051
43872
175209
-43803
20574
-29377
-159628
-146067
-219805
64205
16477
201837
93644
-189528
-180865
-147840
93143
-202077
170231
-117490
-123676
188610
-192688
62319
36070
-179314
21044
22713
-177710
-169771
219635
-46227
162777
-74917
-35331
-135891
-137651
99960
9324
-206756
-81958
87828
-169564
127701
163342
158610
-151405
-64157
24573
-160527
-85016
107081
-51018
-58279
154604
-83998
-198070
18192
180233
-5575
-94336
-120275
42569
63499
19760
93428
134172
64434
200403
61178
175610
87424
120285
-95999
-137782
221264
-183880
-218305
47204
-178335
96731
125269
39600
125103
16610
-201853
-151570
-173979
-47059
-54264
-58526
22300
215934
-132924
23643
45292
-4920
-201128
-39501
-187449
-131901
55982
165495
215535
142321
-175709
-27991
-33831
122785
194357
140142
18990
-190144
-61092
-202090
-52708
221746
221466
-97254
145401
-211096
175955
-131704
-25783
137230
31427
-193176
-29216
91384
169349
-36177
75283
170185
-70925
34858
199802
63589
204372
-147142
178987
-395
110651
17241
-118129
-57164
-187729
-181813
-175255
12036
-55894
-174498
99786
208438
214328
-170426
43119
-145586
51369
22731
-192190
-128244
196222
-81327
15488
-163441
-5430
-115298
179780
-135940
136852
-149430
-119305
-135740
87790
39382
188521
92302
-79500
-6734
159769
-106368
-119241
21885
-149627
-137504
-131331
-71727
36893
-23222
-99816
39844
112762
80552
64909
210524
-207949
113878
120381
112443
42818
172363
-180304
204278
-89639
-108921
210994
22715
128602
-86925
119675
150530
-17042
-17402
204187
11655
193344
96689
147538
-77303
163168
-26897
-138185
-125119
-149958
-162547
-76644
77103
-87505
-66323
-74564
-111995
-32781
-217173
88131
18635
208660
-87445
168135
-217142
-172399
186270
172331
-204522
-184853
-145106
93905
95572
24301
49492
-34837
205633
-169357
-218233
159721
-66889
140002
179038
-221826
-102698
99148
212839
129363
-21310
-38832
-153731
-136780
79639
-187939
-22642
-108744
-218602
217979
67507
-339
202215
50000
177810
-3455
-205329
155156
207750
198906
-221927
131699
-63204
-90720
-111915
203517
40888
108396
194314
-22134
-26520
137455
119817
-30579
-133949
-162061
148081
50697
190363
168687
147448
-132677
133422
163131
74931
157979
16539
-207032
-44991
22917
-112913
-60120
-74936
131474
71949
-196184
119294
47559
-99013
9039
-189511
-207563
-48661
112029
-104794
-189008
-59573
54560
-140410
-43015
-81140
104537
17438
204880
-32303
-151971
-35135
-140320
-12870
-1107
24169
-118714
-9233
198324
-91517
-43059
-54549
-130608
-119844
-78678
81761
-142694
130491
-3314
-138336
-51762
64055
185907
-195822
-220747
65224
12350
215141
28053
-175188
36808
106331
-139309
-10915
212452
200436
98210
194865
36606
-5648
-221755
-50576
156704
-218477
-83976
-147642
-115972
179994
61021
25998
176857
123329
-155042
-115946
-161523
38568
204592
131624
218376
-32050
133504
153544
-116622
139178
58692
-97316
64181
83549
-211295
103791
141820
91450
152470
-105200
207113
-65793
-59385
219058
170569
8783
168800
-49841
-184063
18725
203653
93719
-143501
-133446
-168440
-20127
205520
-134927
36589
220468
-96418
-146312
-70810
-169915
182918
61030
-119978
-214405
27404
-68681
195073
-213287
24967
-4795
218052
-212126
101540
115203
-1191
151363
-158137
3433
153271
102103
121647
-40054
-194842
56320
158330
174371
159664
210231
15847
-162037
138823
-68318
-217450
128534
60797
-32352
-125235
-174997
170695
-84016
216746
218681
185708
-120180
-47823
-200681
-29489
-129801
49225
-221103
44697
76519
203986
191021
153511
-215914
115846
91171
-59725
45647
28797
-142965
103840
70728
-19859
-110908
-68176
100607
117947
-12305
-60809
82290
-120518
138026
-156214
-212940
41597
101074
-188852
197826
26625
209297
22543
95558
156161
208036
49425
-179841
28077
156979
48142
165294
53115
14975
160072
-132670
-102419
-186
-148405
150362
38188
6722
-66812
-53587
11266
110749
-41573
6609
-108759
-160118
112226
104980
102567
-203281
222153
187794
-210499
144433
-88720
8097
-75630
-217569
10841
60473
83513
164511
43261
135328
-160951
-204658
66688
117637
-209195
117836
162651
-110397
-123904
-72532
-113544
-54744
-49607
20882
-115892
-171571
-57994
-73621
40369
-18303
90193
201304
-18801
136248
-39772
116939
-175925
-103711
209742
198563
43601
-195638
-8980
-43675
101684
168792
146240
-180174
129363
-176274
92607
13281
106995
19220
13625
15866
-96669
-35112
41191
140600
154900
-92580
220813
-33520
-208747
62783
-99842
-115015
22543
-42282
5473
92866
143398
-132683
-36734
-157805
-143305
-188568
-70139
9967
167276
38219
-5989
122351
19431
128990
-85269
82906
-40845
-113757
113418
120260
-53108
216356
-199174
133019
-156
-95357
129316
-95284
-181879
-133533
82823
-167902
156903
112609
160188
92688
-54719
-176088
10453
-139392
-127791
202594
211334
-118604
61969
153951
18436
-17872
137839
195487
31742
-26662
193985
39282
52134
-126193
103927
69110
-135648
-67061
89341
-125905
-161496
-171422
55515
54241
132415
76622
90714
7884
-77760
-199522
17812
-221038
127153
107235
-127558
-26161
201758
-133835
-150300
130283
-63575
-170037
34948
36952
-48922
113202
125612
-67859
-189424
160358
-213664
188036
-201534
164684
123071
-8667
222172
33207
-165544
-202438
-79305
81350
196733
85816
161992
-120991
-49979
-44251
18927
166142
168552
83261
-131175
-55045
-20722
-73291
-192524
137154
-63800
53876
-8406
-84853
175558
109159
114428
-12282
153884
-72925
22309
221048
-221216
63948
-150019
-154211
-196722
-47671
91836
-63660
-217420
136879
-61145
63712
-41266
139915
167382
121376
20791
-37514
100859
-104044
35142
-61724
-36676
21978
61234
-123976
142105
-162298
-117142
20917
-216962
156887
-154767
-211420
-186703
-25157
143191
-82335
-203803
59942
-190660
-39374
-34596
-115719
211340
215434
-106633
133977
-158058
175518
94678
139236
-14820
-187103
163100
-81786
-27804
134294
-95810
-166405
57648
184289
101635
-107798
193705
66714
-213296
-45084
-126648
71684
-111767
100878
-150625
182158
-210835
56118
-81728
-215277
177552
64838
41947
105797
-144983
-34328
193590
154895
121269
-197176
123650
-110859
-195964
110159
-95894
-116350
82053
-187163
11336
18299
-28763
71843
-46848
-203567
-218992
158635
193705
114047
-153854
-57036
-185208
93258
70042
152071
68497
156074
-148091
-27195
142740
93244
-138011
-38609
-100855
12158
-52153
-53623
55147
130474
-108886
199616
-55494
60407
168996
-212438
-24181
52484
176585
-92507
191726
26996
-101717
-179960
-168866
-195581
14703
-169558
-64881
-38886
-55220
-166524
12427
-74473
-22174
47252
-193671
-45072
65860
195142
-68019
75690
-115237
126671
-198013
45571
174977
112194
-206835
215352
134572
173256
-59498
143374
-200239
-34096
106645
211014
205542
30813
-29733
-166465
-20604
-157530
76578
-23916
208685
-142408
188877
84487
19255
-186831
-29872
-65222
112577
-19720
-67028
158135
-204316
-281
64053
8540
-132355
79565
-131493
-59541
134256
180345
-43408
41529
72582
-12843
-35685
-85971
-136375
-31984
39601
153338
-60813
-199079
96211
-13423
89790
-63380
-19357
122944
165548
48750
-135336
174811
-172538
165244
165338
150050
192166
39542
-112249
-91033
112325
22440
131743
123316
34808
-50836
-57355
69111
29631
-181533
-54015
174119
216229
-19197
178359
75121
158392
158507
-125867
25159
-115683
140441
-141720
-20012
-127785
-127358
-172079
99735
89737
-86553
146019
165472
-176678
7717
55874
-51692
-26283
-193713
165890
-42146
11799
185361
-177696
64142
-180487
-130677
67728
-92647
192433
-28169
71707
137330
108503
-97073
-117508
-164264
-87164
-137345
193799
-161476
193003
-134952
74630
-51616
145814
-179707
-164120
-18475
-71965
22012
-55084
-76171
159324
-219989
13552
20734
88076
-189585
200791
43401
205719
-199902
-171074
-122610
104335
155604
75391
89400
-127327
44851
-13075
132425
-33491
57565
15069
-3173
-28819
-167835
3014
-108211
-161481
118520
73264
-73024
-156297
-86417
-72971
-189481
-179350
37599
100253
56584
43275
-86130
-14392
-45807
207656
12578
215836
-215975
-193129
-121555
-72259
-33773
-105035
-42321
-157303
-174662
-60051
896
92302
-186418
217228
34117
42340
-216480
129870
8585
124072
-146964
181513
-5990
-75988
175275
-146917
4922
-209685
-43800
-106827
-7425
212729
69305
206728
83356
-200567
-93638
-209035
-201855
194658
25907
-161153
-110231
211126
131122
169184
102769
164758
218890
-143445
-107807
-57391
131852
-215312
97972
-147086
-162089
78782
74748
13434
191220
-102420
104984
-193912
112105
29178
-2367
-207527
-78058
-710
-35396
-208054
64452
168715
-163759
114862
-53004
26657
132924
-211133
100268
-27080
-209991
-122675
53553
79382
-98402
-191484
5165
47067
200413
-131181
-166540
84911
168323
-89215
12504
92219
-211244
-171838
-152727
83764
39937
-114017
22926
206281
-120065
26874
-76590
218240
150875
217890
-42236
209078
99081
180975
-195635
-208710
22892
70287
24966
-177068
-142557
-208510
1114
-127200
-129553
214994
-192338
116534
-157735
-25745
136900
-186724
218353
122803
-172948
-84864
-118693
-25963
-196362
-143502
-24824
-116865
-78780
133839
-68384
-65491
120846
90475
17657
186665
-43002
-118057
63144
-65171
-175858
148848
25602
-67671
-45741
107366
-143005
-44015
29508
133247
154376
-114252
210922
-159901
-136464
172987
52087
120340
-153791
138346
-179102
157545
-53478
-183028
207547
-208560
-222072
12605
-90000
-189932
86231
34183
-138265
-78815
28811
175518
190309
-47247
-81509
-56955
-170270
-45545
197671
161221
122592
159419
217912
34198
221193
203047
-33528
48140
58786
25163
30410
97222
-113240
-12793
-115894
91879
-197232
20407
76407
215965
38136
-75113
128097
-172953
14474
5203
-142873
-41610
13720
-48313
86861
-32138
-163848
-30303
1982
15734
-53965
21674
38614
-18048
-153985
164520
-65781
-153026
92133
-162539
87985
80589
188181
163452
-116182
-206849
-110787
-123317
-129933
214554
17599
-35679
34686
-162455
-180674
-208667
-70825
-209293
-114494
196562
-75110
124510
-143724
205193
-132940
87537
-141372
116217
-24587
14974
-123493
202135
-169129
106492
-123000
21191
-181196
-7817
-193554
188451
16743
-27800
72499
15823
97051
161065
-35739
161921
40123
46749
-115714
214859
-163808
-176621
-204043
-104360
-77501
-199564
87546
74748
89884
-67248
-136907
-105285
-184185
158242
-216186
-211743
-209418
187850
-119671
-217948
-194482
141600
108817
8840
58079
-30095
174830
-36873
-83012
-40769
184718
10610
-200920
-187951
171528
65626
-136551
-73210
137333
199826
-195612
-128115
-176892
145807
58502
49970
-170611
1612
-216104
98583
6815
62152
117031
-60040
112225
-156776
96507
25842
-220099
-98732
-31072
-161813
207818
-73512
-26097
101267
14569
114541
-103218
151438
137860
-138887
36676
83663
-58827
14945
93404
-78587
181413
174233
92882
-110634
-183413
30497
55362
-157481
-22297
28556
51528
-214267
91083
-163107
-2494
-128575
-89746
-118565
178905
-47277
-128643
68733
132385
-109725
-30871
149971
-98452
-19307
-18313
-44275
98507
-77201
-25183
-136314
-61294
175714
44942
158579
-80947
183803
218005
203403
187811
88144
-10962
11940
38509
138400
-42396
-47653
-28748
-54399
-34279
-120862
-50436
119790
-193528
132740
-118334
165704
65180
-100272
-15909
89521
6927
-49280
216179
125561
-119671
24104
-216936
126933
-155993
-197747
192921
76037
16470
-213411
-162060
210821
114207
-202271
-189897
-164151
106611
-182158
-21889
215709
-44605
58855
-16047
93102
50993
98827
-34788
98600
-57400
-129010
-142237
3227
-133210
31842
150285
-24951
89519
103999
-48940
113685
221123
57437
-39176
-182370
-93728
-26125
114465
26777
69510
221027
137142
-18039
-215386
225
22288
-203581
314
149010
-221740
100617
-64531
-45512
-66445
-80393
170848
120785
-212213
-123183
-109829
48194
-72529
63805
113016
192589
-173003
-89016
-222092
102234
-147647
-159641
24852
-109720
171255
-3602
-81909
-209545
-100266
119037
-47501
-75221
-12523
147653
189078
75199
-174504
2882
109632
45082
-80704
-121685
156788
-206076
-86405
-192682
72723
-106481
-126670
-40572
59758
140530
-147580
150286
-126898
169233
68360
49744
-211134
38246
212218
165371
-60573
151027
82018
-140523
-39039
-200936
184194
-10574
-11376
211088
48720
-73481
129256
144157
91288
72811
23796
205261
180738
17665
141403
-117478
136842
99128
-174401
195661
-96345
-110430
108032
-18382
-39380
23880
196179
111298
361
92187
102042
-20336
-18709
-158184
-21039
-57905
96499
134129
-207288
-185826
63156
17117
108957
-148764
-71550
-215246
-10271
-7173
-88152
136227
-93425
-71342
-166535
25141
-182169
-157969
205746
217020
126278
42540
-76191
75540
110090
28084
-74676
185780
-118596
28442
187105
-54482
189802
162823
129462
-211423
175951
-190966
65851
194918
-105719
-102414
-107204
-183941
47682
183677
-33342
-175167
-136031
-176084
75836
48552
-68880
-210462
-18697
36566
157926
-206326
19656
-100150
-209797
-128225
68148
-69199
-84913
-33675
-146069
-3268
4202
-124918
-179522
109625
-66218
174594
187954
-65014
125561
25315
-94986
80098
93284
-31869
-193990
-16703
-179847
-182616
-13317
-219007
-23179
-90456
103546
-172853
-99934
124822
48273
105759
-65199
-214725
92382
-204143
-112070
-162708
92848
93849
216402
30920
12433
47212
92986
63287
-191260
-35734
97834
26012
90910
-171455
-119498
47060
126840
192906
136454
180257
-123350
207755
-23762
-1796
42434
-134152
-138583
106171
-86893
-99916
-134767
95165
-180053
-177215
-149862
127821
-78959
-219231
-88981
-80791
3429
-197079
-473
129209
78536
-161923
157062
60995
-121031
-83293
193475
-51590
-90477
-54328
60275
37961
-159292
8634
-81294
-123943
135254
168783
190710
-151985
-177717
93609
209956
122299
55360
197353
109618
151538
-208657
-48239
87111
-136348
-78915
-194752
-80648
-106957
74179
-132007
-161843
89318
-20975
-70840
-20925
186200
170489
-35469
-206440
-3622
-90581
176125
-194475
-54531
-18805
95964
151152
140330
-107897
185066
-16461
204059
-210777
84493
-150652
-159786
33262
-22975
-92165
73197
28343
-29646
-129798
142379
-105575
218738
153676
112738
46991
205667
20187
181023
49674
-124245
-83307
15409
-9260
-125103
9447
-66824
94518
-172323
167595
-169742
118287
-125047
78505
-99307
198554
48675
13969
144242
-54434
-33533
143548
45591
-143842
138392
74376
48900
70049
-77118
-85788
-119567
-74173
-142284
13459
-161305
50121
-66701
64514
-203237
-181359
-212345
-61345
-213374
-151250
164191
67566
160871
156698
-143263
204461
-182179
75469
-144002
47116
142693
185920
73458
181557
-167963
-116161
137002
1325
-82289
142097
18934
57014
189858
209272
-157838
-113042
-152890
-69838
177565
-149126
214721
-173615
155657
10883
-106695
-139696
-202929
-44955
-205344
-207764
-20344
-119590
64582
-222023
-174495
60543
-191654
143836
-176910
81850
95793
113929
-66311
208384
-164299
221881
69090
187919
-43645
-191662
-79155
98074
219107
-83335
-207661
100496
-208001
194891
118602
170477
105338
-36195
-135575
-52930
-70760
196841
-187743
143740
57224
-66883
-114103
74013
158600
63011
-205321
182136
17608
-144089
44340
137255
-158082
-145242
114083
-152159
-85567
118470
-148974
-98860
213502
-114661
156619
-36216
-13386
-126922
-197478
-42724
-119452
-40545
71099
-108017
-10319
-178113
112770
-193938
100137
-34776
209411
190723
81780
161033
42784
-13565
-156643
76989
175553
144870
-22880
-76047
-105225
44918
-100704
-163229
74263
-71116
74707
-192535
72481
184108
143786
22531
81216
-84203
108498
-40126
111189
-180641
199348
70608
-54542
191402
-174202
-202632
49125
-80915
-39097
-176183
-115143
-165618
176166
168118
175106
135436
217872
201332
167084
51040
-132961
30858
104523
21835
104939
-189584
-49631
95001
131920
78054
199856
198174
-217954
40765
66037
-97961
-83156
19001
-206601
95520
20743
-80137
69806
216613
-74314
-2827
32241
-17742
-56183
135807
21838
-209367
-127713
-220484
-117528
121234
-106026
-20602
139660
-14758
115706
10117
75607
-218527
-94149
157479
27874
-76143
-103967
76965
216980
167590
-211618
194667
-90398
133249
84679
201876
-134237
194526
-59684
-199239
-181499
59681
-128825
-143468
67961
-188695
-18190
-209664
893
102132
182412
4599
24874
-51023
177326
-168520
221490
-152051
-22398
196884
-152822
-48404
-216621
190367
-41339
92679
-96183
67705
-45703
-66614
220180
-71156
105384
110761
-192110
7431
81004
32953
126556
-28351
144131
184545
-93622
170499
32535
102025
-1895
143542
41251
64701
31982
133497
167400
-106676
-180832
-105795
15408
-95701
88256
-184124
36551
23422
-89450
-76409
10901
189851
34939
-165745
-110603
-83890
-56033
-168049
86798
176514
-9018
-75741
193092
-127447
-92155
172026
-13919
193945
-124257
9084
78037
3661
-176500
-123769
-166888
202720
-52413
168748
-66241
-157286
-198602
-22385
207555
-50203
36867
35453
-140128
17505
-100477
-16709
42234
-80954
125954
209147
85897
-37770
663
-122548
201968
-168343
43782
37308
-53923
166851
59899
-156684
-169331
-112516
39623
-111278
-150600
47403
74203
-83359
192138
5284
-130461
-57032
29029
217565
31620
80027
123659
122167
45881
-203485
132494
-104915
152170
-112179
146825
-184273
-31801
7889
86570
-221144
-161346
144600
163439
-159495
165124
-44603
185274
23493
-191465
-200950
-189417
-104939
-150619
-126676
9461
108698
75678
-81163
-193910
193144
-73881
-132073
-75208
-10715
132007
-180788
-35852
44298
-111784
-51779
75550
-57017
-138232
59742
-93561
69410
63834
91020
-129171
47721
91531
179996
-41038
70893
206888
50808
-39792
-37672
154144
180595
-12714
-63382
-151098
-156581
-60385
140133
37720
119437
173051
99924
-115600
61903
-157337
-83922
143875
185664
-204886
-213170
144793
143748
-217533
-202555
41423
188086
69008
144078
-37448
-36696
155865
160557
149807
-38237
11495
-116531
-124243
-29416
-82773
49433
167726
6755
98905
89418
-25922
-138091
136819
2012
6905
199489
-35047
-89079
-196577
176342
11714
17625
-217063
-76747
73313
22411
-92307
-100841
-56927
132693
-173197
208232
74066
64814
-16362
-3732
-200771
141961
-50104
208527
88873
-74859
26339
-12812
-181947
35496
51036
211878
-76850
209475
-203943
-208569
-27368
-1765
22454
-196761
-7136
-636
211450
34251
-198999
-84383
92988
-207175
-126412
-7655
-194358
203192
211861
49657
-93053
202944
77482
84412
-151968
192416
-121249
-157282
-44187
162896
-26011
-159585
-69461
-33390
-14696
41208
-141688
-171353
-74645
-96901
-178412
1872
73391
-153441
-22059
-216483
9258
38092
-30877
-161915
28713
146753
52057
-207693
170438
128574
11634
132539
52907
-108203
-124531
149559
144034
191581
-159181
177242
33067
172350
-66770
168669
-73144
-93599
-11473
206866
119845
188821
-111219
98975
6484
25275
108465
-95279
-220218
-103342
-171501
69630
-39401
155591
144170
17036
121268
217910
180637
186507
213080
72939
68483
23074
-38041
206550
144396
188038
-64199
56671
52622
46614
69182
-63836
176068
