128151966923
2134599716212
2088832117372
-1930101104441
-2063504635162
-2207539530227
-585070263819
655377761245
-458951536080
-1978864494939
-1526212846249
1796459474184
-1301235898085
635020344007
1990153552131
981118125301
692359866733
2206843600204
-148497528575
297671774670
-1801421465122
1778520630775
-648279114656
-1118551144315
397365331752
698083487418
970187027456
-2194653175691
-1713954103384
301486782366
1126262765937
1067021806959
-1215009813211
-180012351262
1155020423758
1925549178987
355632683744
-1637402302486
1632861248251
-1579230260435
-1080845199869
217861304369
1778296375736
77363450033
534044857598
1469163672925
-2041028111180
-2112129417713
-2070859491303
1991264124148
-430367094418
635604568271
-1724344345334
637128063969
-1985118454770
1781016585971
-368164929093
1601153046436
106523228759
-1457510161740
-1109179133810
1965794391583
722673845751
711397468880
-1842186989256
-1708922129495
1468747575479
-1931194876768
1810164955400
-7577001848
-1917814562366
-1184565319249
-386419933817
-1146393522169
540710239587
2206318152281
2067511504841
1639244738517
683913312601
-1052959963549
1814930372283
1063853188375
1694915210393
-1678392508611
948180682488
1380793441351
1898607657214
-1128375106659
1293064704816
-2165388913230
-5854915037
-130253576029
-719445131603
-720333969140
-2065311246386
-1178218359927
1019545141915
-1196394660221
-732302142654
437878375506
