-6984
-22108
7443
-16257
-16025
2249
1558
16557
14535
9620
1990
12762
-14137
-16895
11985
18125
-15723
-7599
-1003
-19481
-11288
21723
-19148
-20200
1601
-15255
19548
-7490
16580
-8312
-18950
8022
-137
-9213
-6905
1355
11497
-4050
13111
1657
14155
19916
-10561
-15561
5569
10783
811
-4830
2957
-4060
16770
12341
9381
-7832
7115
-10901
-19173
358
-21699
11623
19255
8161
14877
17138
18348
1807
-5243
4344
21033
-4691
1147
-21241
-7570
-11913
17155
2854
-10747
20919
-20450
10802
-20718
-13836
-7979
-11556
16635
-8658
-13080
-6921
-4408
-2962
-10941
-14130
-9569
-12497
-9908
5853
-3915
14368
18993
10175
-14722
14464
-20647
-5978
-18635
-514
10563
19415
-18055
16125
-15093
-812
10756
5524
-17312
-5010
-9364
4282
-8077
-6494
-4274
13208
4686
7693
13795
14992
9346
-15367
-19102
-7068
1120
13821
3375
10214
-2711
-9354
17126
4798
8478
17969
21654
-11006
5970
21354
18563
13948
-517
19762
-22037
9326
13277
5954
9104
-15490
19290
17526
20606
-10194
-16186
3079
-11668
-11949
8602
10894
16081
-15439
-12621
9991
-6816
-13639
-22137
19610
11945
-16554
16111
488
-7297
-12944
7387
1507
-6797
-3273
-10930
-22158
-6603
-21018
18698
17702
-17858
-16214
-2010
-7306
20937
-16787
-14085
-12678
-5592
16522
-19350
-19308
-6311
4654
3894
-8330
-2927
-17602
-1630
-12064
-7342
-2456
-5218
-6267
11425
-17612
-1307
20941
9127
15289
3207
-16717
11003
815
3380
-13581
-19854
9588
-4903
-21345
1404
3444
19859
-10632
15506
6086
-1600
-7767
-2610
-12299
-6732
-12676
4098
13349
21403
-1249
1718
-7115
-5647
-15864
415
-11568
-19574
-7857
21274
-4874
19602
-10644
-1461
1094
8611
-15671
-5046
-11057
-7312
9528
6842
-14534
13659
17342
-3986
-19670
-12083
-20811
2437
18478
-16126
21333
21573
-7041
9322
6535
21852
-9597
-19589
-11028
19783
3764
17336
-568
-14985
7028
1967
-3898
-4587
499
-6139
14470
-1513
2669
-13008
1621
-3121
-5487
-10790
12668
17718
-10240
19249
1025
4141
-15438
-6580
3803
-339
10956
8218
16557
9463
-14322
-10459
-6182
305
9439
16081
-9685
12679
10170
10825
-1542
9783
-21960
14927
11695
-16710
11889
-20975
19604
1681
-2582
12693
435
14143
-4103
19417
1196
20108
-17503
8063
16952
-12139
-9867
18233
2878
-20081
-1503
16937
2388
12727
1759
9157
-15313
-1076
-2238
14707
-11724
-11529
19259
-22082
-21993
4687
10234
15802
12194
15223
12630
960
-1919
-7499
-4508
-20184
-7247
-18436
7769
-20794
21023
-10694
-9836
3868
19101
7501
-17239
-14949
9171
19180
11100
9367
5350
-11093
-16091
6350
5441
-20978
21708
-7890
12110
-9247
7730
-11154
-17195
-9630
-19969
-3845
-11588
21755
-14511
-12199
-12113
-15556
-2978
-15960
16363
20328
15400
17929
-9210
-4375
-13335
447
-12126
7611
-14481
17448
14009
16964
16456
-1077
-4195
-18282
-16504
16420
-18679
11752
-17911
-2322
-13203
17118
2010
6472
15596
1241
-6154
12663
-20171
-3952
-13632
18787
-14533
20397
-19942
15461
-4078
10178
6529
17696
466
-15543
14410
22145
-10212
15278
10289
7159
-19982
-4926
13436
3626
14999
2439
11604
10980
14439
-2780
14809
-14124
-21250
-1990
-12897
-7202
-14145
-12646
-17256
-18398
17636
-19469
-50
-10430
-20457
11735
-18378
12594
-5979
-21464
6641
-5765
-17933
-20640
-823
-4771
2559
17374
1881
-10954
-11075
-15215
-18592
15140
9686
17217
-1798
-15771
6701
-12395
-18902
10190
-9818
-11612
-8909
-15050
14182
-11630
-8741
-11705
14612
-1088
14633
12860
-4749
8145
-8546
-3477
-17129
12465
4450
-598
-15373
13237
-5437
3376
-18438
-8394
-4775
-4075
-11338
12876
-6539
-2945
12636
15006
1492
1074
4051
-5892
-3091
-4310
-1607
-21371
7660
3588
1542
21393
17734
9923
-15067
11546
-13293
-7661
11232
15696
21672
13934
-9300
18008
9498
11213
-6140
-15649
-9258
12088
13810
-18300
-1996
19701
-8581
19913
-12192
18321
13882
-4145
3957
165
-3902
3302
-8847
-4945
-18719
-2627
-11181
-14446
17579
17787
16800
-19148
-8844
-6646
-12969
-16720
21163
-2328
8110
-15569
-10503
5647
-8347
-13338
-4388
1936
20360
-22011
15995
9107
-16593
18401
8115
-20271
16859
17042
14658
6347
-16798
10219
7898
8808
-17809
-14238
-12658
-17961
6249
-18749
-18409
-1679
16391
-12314
1177
9197
-14558
-22171
-3051
4533
7360
-17134
-1418
14931
10447
-3223
4819
-8758
-20769
17143
-15174
-13175
15151
399
-3555
-20377
2842
16251
18707
384
21566
-1706
-3170
-11282
-17103
-17356
-3656
9223
20485
-1303
16530
-8076
16633
9251
3696
15251
-9587
-10710
15282
-5849
4514
-99
-1747
-7073
3220
-3164
12899
-20619
4960
5698
19518
-11966
-12416
9086
14928
14832
-6191
-2187
13664
16432
-16078
891
-10427
13899
-7539
-16117
3581
-20750
12761
19538
-4495
12035
-10351
12454
-1347
-17510
-12410
-7732
-2102
-20097
19753
14567
-18222
20447
-9877
14051
-3883
8992
5952
-5673
20622
16292
-15436
15262
-21349
15953
16376
14800
-11075
12483
-3397
-10590
1897
19794
18496
-19041
-19131
-14861
13726
6048
842
-1936
-17174
11120
16011
-6610
5455
-12509
17478
6128
5069
-621
-19412
20851
305
-6828
-13052
-4370
-2392
10779
2218
-11275
-13719
21410
18896
-8848
20897
850
-3716
3489
3835
-12646
-19401
-14444
15149
-7487
-17160
-8919
12032
339
-6858
-21231
18570
-15901
-4301
-17063
-7069
-2326
-9008
-2517
-11202
-16605
-19296
11187
19144
-11576
1179
6121
21074
-3833
-60
-5361
-15996
12806
13854
-5122
-20335
3763
-15375
9354
-21932
19135
6899
-4467
68
-15498
16671
10494
-21213
-1738
18035
-16893
-11455
18715
-19700
-19333
-11548
-10873
3643
16196
3905
4529
-8170
6647
19710
-841
401
-7984
21008
7770
13637
15868
-18944
7542
15375
18641
19559
-14378
-4463
10323
-14294
-17690
-6210
-10528
17112
-13819
3601
-14922
-14103
-21281
21928
18983
-12282
-872
-7898
-18787
4550
7134
-22052
-20024
21189
2852
7896
9474
-6551
-15466
21830
15516
-21416
19771
-11242
21172
-14486
967
9414
8951
9614
17982
-13916
6683
20711
-5228
10718
-5067
-4649
12594
-16038
19513
-1256
12762
-4799
18399
3392
-12363
-7026
4695
16903
-21736
-6814
19251
22169
-13655
824
-16240
-10372
-19000
-11978
-20541
-8201
-18955
17779
-4613
-7103
17051
-2549
11847
3739
-3918
19272
16711
7129
-5721
-9039
-5187
4732
-7747
-9310
-3896
12168
6102
-21836
-11864
-7582
-3409
3857
18397
13049
17476
17458
-7442
-7541
-17779
14364
8603
-5095
-19843
19569
17062
-8972
-8406
-6874
21068
-9656
-11355
-11499
-9641
8736
18990
-2434
11058
19155
-18296
6950
