-19692
-2951
-10197
-2077
21209
779
-8720
524
5179
295
-3308
-16229
5568
-16830
15468
-8024
-10105
-4736
2804
-8375
-12916
6263
-17992
19654
11307
-7896
-21328
-11514
-8209
-5467
6947
15372
-10372
-10976
-3349
6412
14364
3556
11768
-7518
-5453
4
-116
-19508
1112
3713
-2214
19052
-4442
2557
-15453
-20154
8987
14542
19939
-14370
15566
8531
15510
10578
-6350
-19225
19012
-23
-8221
7381
-12334
-14925
-20648
8403
-1172
-2424
13701
-2798
1351
-11097
160
-10545
-1260
-885
12481
13636
14503
21257
3541
-20805
-1211
-10014
-16356
3845
18290
-11527
5504
-9317
820
3892
-3350
9075
-18433
4018
7869
8049
-5228
8291
-20636
21103
2234
-919
13098
18443
3850
19092
14581
-14954
4557
-14562
-18290
393
-11402
12139
4338
13389
18392
7084
8860
11446
-9014
-2759
13206
-12384
14268
19298
21369
19116
-6562
-13290
-11896
20858
18985
-8912
2475
8814
-21230
12925
-9642
-21385
-1225
19134
-20049
7716
9220
3341
-21862
16827
-14747
11514
-16884
11389
-12022
3043
-10200
18129
-17180
11952
5691
-5481
8286
18583
-8955
4224
10808
-17504
5902
-18703
18586
95
6460
-14956
-20834
-12913
-14171
8996
12631
7086
-3002
13671
8531
18178
-264
-5182
-21263
10626
-1993
-20548
-6754
-5567
-16469
-12005
-15478
-4531
19470
-2404
17818
12304
-8624
6580
-21885
13591
-10870
-4288
-20970
-175
16809
12064
17095
6992
11512
-21929
-20680
-17250
-20478
-19764
3286
1110
8663
-14939
122
-5365
-10648
-8615
-17242
-4751
9579
10722
-268
13125
-11964
-5753
-8080
-3046
-2958
-6176
-2622
-14575
-13195
12018
-13963
-14357
-372
-8755
908
-16110
433
-6033
-2183
-14079
9525
18958
-13872
-15033
-9190
-15282
15788
-12460
12213
-2671
-14781
13993
16837
15466
-8117
-14187
132
-10711
18272
8738
15735
6588
1620
11265
-9458
-20064
1676
-8369
-11545
-1277
5979
-19170
4920
2226
-19877
-17720
-17555
-12886
7065
-9010
10819
15573
-14950
5193
-21722
1107
2910
6460
15463
934
-6643
948
1756
14407
7303
-22026
7431
-19712
-3659
-21084
5286
2211
9383
-5328
-16973
17605
-3445
807
-20985
18067
-4127
-4751
-486
13196
5416
14243
14720
-3296
17672
-7659
-21221
6372
-21698
-3033
2898
-224
-16015
5883
-15088
16564
-6779
-17474
6625
22043
5929
-21128
-7486
-13236
3217
-20540
2184
-14241
-7742
5111
-13461
-16800
2993
-1295
7234
-9530
9093
14221
3732
18214
17853
-10949
-16862
-5841
32
-2609
15485
-9589
18630
7234
7341
-38
9259
10578
-10759
6378
-13580
7029
-17073
-158
-14343
13262
11985
6816
-15938
10641
7134
20794
-22154
-17024
12197
-14783
-13920
-22132
14113
-316
14285
19722
-110
12203
20406
629
4779
-20309
14706
12440
-4411
-11114
6066
19842
2591
-6995
5274
9105
8202
-8032
14066
2845
2825
-12031
-17568
-17237
-4324
5582
6815
1792
7939
-15506
1088
17975
-7247
-1664
-9795
-14680
-17061
-5337
-20948
-3778
8107
-1379
21117
15502
6331
-18780
15571
-409
5282
13848
2842
-476
10486
-9017
-4414
-2882
-10457
-8422
-10922
-427
4601
9412
15731
3746
1835
-3529
10938
-8237
-5455
-12015
18059
-18025
169
-3173
6875
1305
-20001
-4655
-3142
20237
16716
3128
5547
-14102
11840
-13782
-20701
-5424
-21039
15733
14745
-11282
-16941
13624
11098
-123
-12027
8759
6906
-7569
5164
-11096
-2143
2706
-4527
10630
11448
21215
-7270
-12162
-7106
-1890
11581
6
13309
-2819
-16289
9294
10651
15514
-17438
-13267
-10843
21167
12101
10655
14847
1541
-14853
-13924
41
3567
-13812
4832
6614
-21507
-11631
18068
-13530
10380
2796
-17335
6291
1102
11508
17763
-21438
115
14303
10131
9423
8250
8819
16523
21593
6807
11171
19073
-7505
-4282
5932
-10733
4343
8804
-13931
-1673
9582
9581
-8582
21660
13676
2613
-7323
-17434
5055
9563
-21028
22112
-6884
-4251
20144
-12622
-3837
-19395
-308
997
20670
-13324
6996
19444
-1568
18723
-21590
-1844
-299
12121
15236
-1722
-16426
-4530
-1571
3036
12430
-21836
-21726
-18410
11449
20303
16368
-6408
-3692
15190
-12086
-21971
15342
6424
-18411
12947
-5968
18752
5709
-6304
-1886
-17953
-16918
-3359
21301
14539
8325
-16720
-2628
-2474
20031
18600
249
9808
-12720
-11847
-12964
-18973
13854
5388
-13532
-10675
3430
-9813
-9381
2822
16034
6778
-12100
17029
7096
-9514
-7653
-18405
-18487
-15934
-20562
3736
7483
18013
-3861
20442
2401
-7520
-10978
-2064
4626
15154
17891
-18170
11120
409
-20579
-17183
-7817
-3432
4065
-6722
11466
16398
12075
-2558
8353
-6365
-1649
15587
9077
-1308
19253
-12555
-10665
-6475
-8719
6869
-8898
3484
-13691
13697
-18246
-16507
3172
-9448
5757
10135
-6092
12584
13148
12024
230
21744
-9973
-7212
2661
20337
-21337
-5663
6385
3267
4220
21227
-12565
15320
2789
-13363
-14838
11509
18099
12517
-12230
-940
19227
-21655
-5609
2582
7067
-3847
3106
-8791
11286
17594
-2507
-9808
16280
12483
-3071
17149
-21934
5093
-17971
21284
-16983
4219
19085
-11747
-2142
-7335
12778
9179
2033
-14438
-14131
-450
12958
3820
-7715
3727
-4809
-8943
-13807
-20754
-2000
-14599
1222
3433
7318
13144
15571
-7487
-5512
-12766
4902
7534
10192
-22094
4951
-12369
-2618
-8289
18449
-270
21221
-14298
-9695
1976
502
7386
-18641
-12904
17458
-18498
-14805
19036
-4690
-7456
2758
-10637
-11118
10050
4359
-11584
-19583
-5729
-1379
-3322
8869
7483
-8007
-5653
-14583
-18884
-12834
11443
-1179
12400
-407
19453
15439
-7026
6965
-10465
13764
-5794
-1380
1442
8214
15834
-641
13727
12587
-13516
-2674
17403
-18019
-12211
22132
-4057
14602
-6812
-6597
-21069
-10598
3152
11546
-10486
-17537
13511
14526
3509
3529
-824
-7584
-7781
909
7447
-11080
-233
19943
21620
1780
-10550
-5229
18128
-21594
-3650
19921
-20883
-1859
11468
-2347
18295
5284
-7666
-10166
-12796
20679
9704
-4878
-19451
-10190
18379
-8078
17449
-57
21009
-9381
5355
-9746
8293
12443
-6530
-14748
-11582
13628
11576
-20837
-660
-12831
15438
-11266
-2313
4243
-22118
-19761
11983
-3500
-3161
-15829
20906
-1026
-15396
-19206
6220
-18152
-21320
-6306
21689
7089
5061
8993
-11637
-4960
-21934
-9607
246
-7950
11553
-20013
-15219
4221
-19702
-970
13064
19431
-15841
11632
14426
7919
-4072
18660
-1488
-13138
1657
8744
15745
-13460
-9253
-18650
-18687
18290
-20552
4377
-7015
258
-9017
20691
-8665
15028
7180
5804
6654
-19143
-4716
16660
11145
-5847
14692
-9811
5670
20905
9960
15466
13323
-17150
15058
-17207
-20755
7461
-2299
16096
21123
8387
-13958
18704
-6066
2130
6516
-20590
-4075
18092
3553
-4691
-4071
-10852
6167
19615
-9037
-1795
-9133
11853
11055
-13273
6051
22184
14284
8787
16419
12395
10477
-18308
-13130
15947
-21470
-11912
12080
-5466
-3418
-18410
12135
-14878
-20078
17678
-19903
-18038
3343
9860
-4084
-5952
-9068
-9458
-13068
18250
-1812
13571
-13822
-13085
19393
-6930
-2097
20278
-17179
-13608
-2792
16525
-19919
20460
439
5757
-3317
16487
-20843
16826
7556
20543
-10806
4088
13509
6319
4492
4334
14500
10706
-7566
-18350
20273
-19834
954
21077
16342
2775
-16713
-11613
-6426
2064
-18262
-3747
-19870
4491
6326
-9484
-11158
-20602
20204
19102
-16345
-7202
-8558
-9773
16267
-14895
15401
-2476
2705
-16414
-19139
16966
-22016
14369
-15851
-20410
11349
17321
-11754
21054
-8109
-2059
-757
3527
3917
-21777
872
101
-6925
-18036
-19513
-5915
12576
17952
8476
-7392
20453
-17481
-9731
5833
13631
7382
-18553
-16857
15204
21546
16841
13058
3373
-21347
-1957
10351
11112
-10473
18861
-1480
5736
3260
12941
5874
11690
-3704
-18237
-22152
-17639
-1718
-19174
5110
4778
11881
1277
19068
-16180
21604
-21203
-13449
6076
-1656
7333
7701
-13975
-10093
-15628
1420
4240
19598
-11892
7207
-7959
-8840
-5303
-15444
21190
21817
-12367
-15682
3049
-16143
17239
768
5624
9956
1690
15473
-863
-13296
18571
-12094
17461
20198
2104
4019
-11015
-10457
5327
-9789
4008
-10437
-19946
211
-16806
-22096
18651
17616
17059
20806
6415
-15405
15153
-9914
-1014
7079
-20429
17117
8254
21781
-4393
8920
-16080
2117
19676
293
18310
-12992
-5623
-17314
20421
-13808
-1604
-15406
19105
-16202
14439
1795
-409
-4452
-5012
-16628
16810
14278
21766
5366
9815
5368
-10823
20478
-17750
16076
11240
2821
-13282
4349
6847
22125
175
-3245
-1739
-9588
6856
-3991
-1434
22062
-9449
-20695
17944
6143
-3463
-2366
18806
3378
16434
-12181
-3783
3833
-19948
11044
-14707
-7661
8478
19934
-11445
-15763
-15377
-2377
-17600
5591
10544
-6448
-3059
3967
-17012
-8604
-12253
-5333
16730
-13409
12754
-10528
-1008
-8879
20936
765
-15682
-514
-5581
-14321
17582
20951
-16158
-19302
16631
-18466
9523
10905
12706
-8973
-3702
19711
4696
-3367
10154
-13347
17754
7138
-14978
13902
17866
-10842
-17276
16548
10559
4064
12831
-21990
16638
-12315
-14709
-20383
-17589
18311
20549
-8316
-2424
-17521
-6890
19069
8438
10963
6203
17898
-11226
-11673
4681
11107
-5406
-21384
8382
-9256
20061
8497
7175
-15872
1860
3639
7779
-11256
7359
2204
-16026
9807
1482
19886
-21116
-13859
-4344
-20178
1570
18797
-13521
16491
16987
-9864
-7135
-16432
2056
-21655
-17321
12022
-8073
-4706
-17439
21917
10092
1716
-11436
-20541
-8454
-16811
19108
-8645
438
11158
21131
2353
15710
9789
-19889
-7773
5785
22220
-2678
852
-5806
-19992
-11764
-4409
17868
-8274
-18522
9859
-8330
-11756
-14570
-8073
-8916
-969
-17703
-2640
20054
4869
-11578
13402
-6710
11906
11285
-15230
-17864
-4523
-2124
13999
10273
6725
-12231
6026
11564
-1005
6613
-5283
20415
3029
3983
-11077
3100
-19048
-11354
9001
-66
20675
10908
-16644
16576
-6459
12937
19930
9178
12042
8477
15237
22160
4044
-10008
19134
-12913
16158
-14281
-16997
20086
-12643
14533
5281
-20963
1170
-20678
-14703
9386
12107
-18729
3079
3708
-5658
10920
-20499
-3801
-2539
12008
-4013
7936
-775
-18289
-12553
20878
12280
9194
-9425
12689
22094
-8077
18169
19169
16672
14359
-7854
10600
15596
-7326
6195
-19197
-13573
8680
5416
-11813
-14425
7266
-8906
15905
-8369
-18933
-16727
11929
-16701
-15802
17201
-5784
-20495
-9635
-5682
-16635
11625
-14122
21152
-2846
15344
-17651
-9722
-14217
3407
-12823
-15453
14169
21174
3792
12989
-4040
9090
-2185
-20596
-5959
14033
-13872
-11425
614
-10885
-10228
-14539
-1637
-1560
-721
-19569
7442
-9141
13824
10216
21983
5038
19824
12188
-22162
19129
-12119
21509
4373
-196
-20991
7378
-19459
-2749
6677
-16709
17241
15824
21161
10656
-272
7901
14160
9060
-7736
-8261
-9051
16761
21315
17217
19951
-5770
7968
10059
13488
4206
-365
-13162
-11380
-15824
16319
11666
18357
-20619
15167
-22184
6063
-11959
2378
-9273
9467
8255
6598
8562
-18372
4762
-3670
-9217
-8809
16096
-719
17365
16894
-10238
-8555
-6832
1501
-14275
-14711
10320
15034
-19026
-9212
11691
-5740
9511
7865
-21428
-6457
-13862
-6439
14762
17249
-10774
3904
-12913
1033
-5863
2104
16821
13652
-14201
20937
-19858
1162
16613
11196
-10965
4375
-3520
-11193
-11779
21495
858
-18395
22007
-1781
-13612
1081
-18703
15593
-12524
15519
12163
-4849
18040
8983
7971
6872
-4713
-3358
16588
949
-20421
5578
16296
17107
-3691
-17297
12022
-4568
-4003
20101
10790
-18385
18677
21785
6509
15669
8490
-847
-12760
-6690
-10960
-18187
17175
21295
-20210
19458
2128
8529
8756
5249
21686
13826
-20572
-3181
19890
-10869
-13857
15419
-18088
6486
-11970
-4092
6556
21677
-139
-6477
-9119
-8317
-21236
18589
-20136
20449
-7738
13407
-5064
-2229
21875
21227
-21246
-1259
18538
12455
-10215
8945
4742
-20619
-15286
-11339
20777
-20670
-15527
-6710
11877
-1067
2298
-2760
-2293
-16454
5626
-6691
-15092
-5747
-16562
2820
-4970
-4704
-15268
15017
8288
-9453
3109
11857
-7524
20607
8661
10276
6592
12184
-2818
10148
11730
-4654
-11192
20904
15467
19138
-2063
10856
18939
4148
5008
14604
3291
-16178
-20561
9721
-1576
-5260
18426
3819
-17432
20859
-6916
-20651
2106
1081
-21892
7669
-21973
13913
-14858
-5319
-5224
-21470
9062
-9010
-2898
-392
-5875
-6203
3745
1059
-4451
15319
-6658
-20359
9285
19181
-6387
21160
-6415
-14964
-9763
-6581
-16682
-11681
12831
14043
-20857
9166
-12606
-11951
15988
21711
2583
3471
4755
6453
-6971
16626
19887
-17208
-14639
-15631
18231
-19241
-11751
-6552
-14780
-14782
10824
15360
-3941
8478
1355
-6732
-16484
2186
-12178
-20876
3292
674
5918
-13931
2690
-2282
15650
12521
-4992
-9477
-13836
13834
3370
7974
-16296
-17896
14138
19865
4670
21193
-15749
12054
-4975
8479
16404
-19167
-1866
-4339
-21965
-21003
-21345
-5604
-2918
-4879
-473
9084
-15992
-11865
-5638
-19752
20203
14951
-116
21280
-19161
-12633
18008
-5173
9832
2269
14252
-15397
16967
3956
-9025
16707
20711
-1268
-5502
7189
17022
8847
543
-15605
20460
-8152
-14696
-3595
22112
971
-12407
-12792
574
-11755
16206
8722
22116
-16205
3890
-569
21839
14847
21869
-12192
-3995
11342
-2921
-1009
-2241
-19190
-15601
21371
6285
21283
8380
14376
-4408
-7767
-591
6023
-4573
2473
4717
-12460
-18432
-7313
20457
-7759
-158
7624
9870
-20745
3499
18574
-21603
-3428
-7251
20518
-6258
-4905
-7534
-10453
-15114
-11779
10708
-19291
20462
-7453
16319
4847
-13644
-15334
-21881
7410
-8307
17134
-6989
-1630
-21776
3556
-21957
44
-10263
7287
11738
-11920
15649
-449
18874
-6305
449
2537
-8534
-8587
18963
2695
8353
16415
3161
-3390
-15200
-3723
-1765
-16877
-14626
7327
7120
-11451
-9956
-8641
18992
-2607
-16555
8263
10171
14131
-21345
19847
-13670
21115
11847
10190
18016
-21345
3614
-16652
-9293
-20967
-17203
-9866
-6101
-10355
-22159
19092
-14148
13979
3445
-18057
34
7911
-6869
6802
10959
18172
-9811
21148
16186
-19028
13967
16209
-8280
666
472
-9211
22221
8584
5691
-11877
-20731
8851
16943
-6848
5498
-2625
-16230
21158
-1795
-21616
-5706
-12362
17518
4676
-13806
-8814
-950
8707
15103
3422
8472
-21917
-16273
18707
12678
18368
15084
-22087
4429
21235
4615
2649
-6737
-22126
-10794
22011
-16354
7313
17722
18900
20004
-684
-12809
13394
-17419
-21962
-13071
-18841
8301
-1280
-4838
7059
-1368
8798
21920
13480
6063
4666
20247
205
-16603
-20303
-18035
4452
12931
-2868
-17640
19767
-2527
17245
15305
12358
4017
10236
21014
7005
18012
7139
7589
-719
-14013
-11531
21235
-17720
13647
13749
4736
-6056
-7035
10337
21028
14030
-6539
-3960
13345
3834
-5243
18914
-3258
-13460
525
-13143
-2749
18869
2775
-11962
14379
-19991
-504
-5444
10383
-7412
-8890
10933
-13916
-11532
-1445
20314
-18512
4071
10169
11825
8126
12598
-12928
-7001
-16095
5756
-637
-17539
10121
19676
-16040
19465
-2481
8865
604
-21461
14180
994
21674
-5966
16798
-21773
17955
-4017
17745
22121
14044
6514
11967
-15905
-17685
-15791
2046
14074
-11973
-19093
411
12652
-6313
21039
15569
-8539
-16460
2627
-9370
-7637
-21620
4660
-20969
22174
-5132
19542
-20826
-750
5125
11
-17479
5767
-9818
-3028
-21614
18820
-21122
-16493
20767
19449
-14309
7012
-5051
-17314
12966
-20936
19598
7333
21859
-7304
7901
21226
12346
14018
-22174
16777
13867
6788
11899
10537
9460
12112
-5703
16389
1006
-426
-12478
17798
-7540
15301
-17726
-14388
-22136
19806
-6066
6481
16492
-15801
19182
1190
7680
4400
359
6542
6140
2480
7198
15876
5476
-12218
16442
-10975
21978
-11193
2084
-15290
8862
-10784
-18326
1731
-169
411
1022
12076
11560
-1884
8760
-10387
-14091
15822
-19598
-5938
11634
5361
-7404
4792
-17655
6418
601
-9218
-8349
-18720
9827
-8796
11349
-9724
1793
-13478
-19099
-2996
-17866
21201
16275
10890
-12755
5100
-7732
18070
18309
-10875
-4636
3285
-9381
-19808
-20291
7173
-14403
-2959
-17534
18849
-9182
5282
-7403
-6929
413
4838
-18616
-9317
15920
8541
19432
-19578
-18522
1381
-11425
7303
15741
-19783
5223
-6789
-4230
-20406
-841
-11187
-16032
-19485
-3431
7009
11601
-19840
-18081
-22193
7833
-1145
-14276
21129
2514
12535
-6479
-22077
4786
-14948
3370
5444
-17773
-20342
10088
-10688
-20323
-9906
-973
-13648
-4340
-14755
18340
16398
-6580
-2356
3063
355
20507
-19299
-19812
-14953
-7268
-10942
21557
-9683
203
-20249
20021
-13939
-12243
-13759
-9290
1589
15506
19856
20374
7919
1693
-16703
-21976
-5412
11983
4633
-16844
13150
-6366
21041
14306
-17666
15151
9646
-6132
-5689
-20804
9708
7004
7738
18003
20371
10119
-1734
11457
16293
18319
-1843
21669
-2975
18116
-6471
16447
-16745
-13864
-21673
-19181
6204
-15187
-11551
11118
8067
16341
21027
5837
867
21335
13706
-15539
-2515
8157
8798
-12823
21755
5483
-8573
-19176
-8031
5644
-331
-2669
-9237
-18093
-10803
-5260
-4979
7083
-11065
-18387
304
-12414
15874
-9734
-7879
-14805
16410
2697
-6838
-4410
13728
-13561
20952
18783
6220
-19433
14093
-13486
-11996
13833
17458
20577
-16526
15472
-9240
-9627
-22127
-14220
-14223
11834
-12695
5015
-5837
-1894
-14027
9023
-15771
9830
-8630
-18208
20457
1173
19991
11378
2594
-7398
13935
-1149
20387
-20927
-975
-16984
19349
-20725
5344
-2154
-14933
-13832
-19661
-12555
18425
14149
-15972
-9841
19862
-12932
-20944
-18333
-16286
18201
355
11591
10095
16565
-13480
-4070
-20739
151
-12542
-2004
-19774
17483
-7968
2405
1810
4883
-14933
-18754
14023
15228
2105
8114
-21353
-21226
13132
4662
-6253
-13945
16424
22198
7736
90
2148
20318
19440
16648
-12293
-2559
-15568
9296
3713
-554
13099
1444
-11972
-11292
4992
-4183
8826
-4855
12553
16643
21743
-16768
453
17445
-13584
-3342
-743
-5859
13404
-11101
-17321
-12051
-14345
19249
1570
3941
12590
-4591
-8178
-11698
10631
-22147
21753
5757
12846
-21346
-712
9443
18654
14427
16349
7926
141
12232
-17264
-16087
10209
-10343
21530
-17761
11208
10216
20848
18198
7831
-20540
-16317
-5266
-6315
-3351
5335
-14920
-459
21574
-5798
-20674
-2168
-14516
-7836
11626
-18379
13594
12990
18765
2720
-3381
-8984
16339
-22118
10983
-2262
3398
-19627
-2481
-19248
-20537
-3731
-13159
4015
-9089
21534
-7358
-4199
11781
-11012
-6601
-1837
-14611
792
-748
-5877
-10838
18474
-4592
-20973
21906
-6531
-18413
-8532
-20230
5005
2463
-15174
12213
11143
20289
-6313
-17775
9793
-21321
2114
-18954
-17256
1539
-8064
-6017
6543
1483
18916
-20255
16261
6439
-18680
13576
-12191
-15640
15798
12572
2897
13861
-10280
-14120
5170
9453
-120
16221
-17212
15936
14596
-19756
-14617
-12028
-9167
5138
5903
14928
3219
-19171
11595
16228
18775
-16287
16490
6991
-6770
-9336
-7443
13745
8760
-12376
-9585
-2234
-21997
6239
19588
-653
-626
-10904
18637
-13438
-3254
-10502
-6533
4842
-1411
-5444
18189
-18819
289
320
1265
-4574
-13019
6558
16184
731
6734
4681
13900
-4787
5646
4311
8270
9619
-1135
-16972
9482
-3214
-18936
19421
-14236
-19302
-15540
13592
8536
20258
13055
-6223
-16669
-14763
2009
-5338
-14441
9196
6018
-8102
1767
-10393
-1016
-17876
-11612
-6551
21375
11754
-21784
-1178
-4160
21774
-10984
18569
12210
18983
2743
-2606
-14189
-19894
-22126
18411
-13921
-19108
-897
-20581
-20318
17754
3813
-14085
4206
19584
16902
-20627
12189
-15752
4655
7789
677
4308
21776
-7178
-2238
22015
-12015
-21086
9957
-7923
15745
7603
-12669
19744
5514
-18672
-5553
5178
-5975
3947
19879
1698
-10304
16411
20720
7187
-17865
-21997
-11311
4357
8630
-19248
5222
19053
8647
-6364
-13039
-11375
1442
-5058
-8979
12844
16454
-7613
-440
18698
-17730
-20448
-3204
2592
17203
3282
-10904
11723
15709
903
-17260
1724
-3062
-3387
-16143
16780
-13986
-10244
-18031
19863
-2931
-4759
1525
3875
4749
-20210
14476
4228
-17745
14104
-14295
17904
13768
-5579
-10827
-11551
-8112
7032
586
9729
-14322
10322
9440
-8285
-4517
-12183
-7697
1771
918
7863
-3171
-10280
-13278
20648
10315
16242
15468
19954
-3317
-20456
-11427
20730
14159
9804
7706
17274
-10730
-14831
14463
17952
-9807
21433
18548
8021
15793
-1233
-2071
-14340
-10674
-7905
1411
-16235
-240
15794
16052
-8262
-9434
1042
11916
-20916
-17235
-19427
5554
19224
-6112
-1117
-16305
-13074
-4477
-13231
-13419
-8628
13763
20469
18552
13903
-1816
-11316
-10911
19427
11809
4550
-17520
-12998
14330
3786
16761
1575
-6854
-16457
-11272
7588
1650
12075
-11498
5699
13841
17964
84
-15832
14435
-9479
-3937
-9120
8673
-4498
1067
-15791
-8262
-19263
-9174
-5590
-20437
-41
-8151
19375
21229
10802
16922
-5701
2829
-18643
-9322
18807
5560
10043
3757
12447
4561
-1466
-14701
5731
-16098
-16077
11753
-18523
19053
17561
10091
7345
-16605
21397
18566
4220
8843
20818
16494
-472
-12015
14319
-14272
12551
21685
10197
889
-16378
2374
-8476
-18441
-13467
-76
16216
12668
12202
-14148
-18863
-21910
6634
778
1411
1523
4916
11117
-1539
10507
6638
-12929
651
12884
-8604
-14923
-14556
20521
-19128
-6659
-209
-2340
-9319
-9863
17392
-19481
2912
2522
10475
-16936
-13163
-9039
5808
-14273
-7483
-13966
17737
19663
14840
-7864
12545
6217
-19549
5525
-13102
18313
15300
-20470
-1853
-17724
-7553
-21066
-21896
-14876
-14571
-2151
14753
-13318
15589
-5159
14161
-18018
20400
-14592
-12063
-15910
-14667
-20584
16605
-6286
19753
-10432
-235
18722
16636
7168
-15331
18744
-18048
-14914
-20312
-1131
-7004
-2317
11056
-8591
15933
8862
22040
22068
-16324
-14360
20468
-19373
15775
-982
19679
-1237
21790
11531
-14917
-13163
11205
-20003
20229
7425
-19637
15545
-15416
-16662
2067
-1102
21436
18749
13158
-19618
-5313
-15958
-731
21801
-19900
-21492
-14631
-11134
-7585
10787
14171
-21152
5503
13900
16905
2265
7155
-3108
10610
12181
15216
5837
17608
-12566
236
9537
351
21562
-17953
22008
4492
-627
-14581
2466
-1044
19162
6843
-11959
12903
5169
1351
-21209
8307
-19621
7258
-7368
-11577
10691
-671
9890
-11330
11055
-5222
-8529
-15074
21905
14801
9127
-22176
14696
4243
-1551
-4887
-18493
-19419
-14410
-20577
-1228
-1000
-11327
14695
-12909
-14368
-7075
20478
-20240
10368
19279
-397
-19109
-14037
5830
491
-6962
14810
-16117
-234
-15732
-17337
5008
20299
-2847
-1307
-21730
-11963
-12449
6394
-21382
-893
-3688
-10072
17768
-21296
-2022
19457
-17334
17472
4042
-8620
13756
-21209
-8271
1733
1386
-7630
11569
-3164
-2500
-15408
-19623
-10691
2607
7219
-222
12075
-2821
412
-6314
-16227
-14727
1864
20806
-15342
18755
7382
7481
1043
-1695
20988
8638
-19053
480
-13468
-10496
1463
20051
17104
-7672
-21354
13480
946
20286
-603
-21698
-91
10994
-21336
-15500
-629
-2735
-16545
19870
-882
-10549
-14528
-19340
11149
21138
14960
17745
4304
-16664
16378
-771
-12185
14808
-5005
6817
19127
12196
1409
-14877
13131
-3225
-10866
-15494
-1596
-11382
1254
-14703
-466
19507
11480
16108
-8299
10392
-13415
14214
22121
-16957
-1645
156
4147
-3583
6110
3270
-7293
-10376
-17879
6217
6236
16517
-14034
12458
-19112
13866
8236
13862
-13010
-4541
-16139
15429
10136
-3516
20551
-12628
-10021
19159
10079
-7843
19425
6921
-14330
6064
20809
19108
8437
-20102
6159
-8932
21228
-13020
12827
15561
2807
10817
9694
11680
-190
-16004
-18834
-4891
7489
-4296
5137
-880
-17358
-4951
-6006
-14043
17872
-13773
-11230
-16042
-20897
-17788
13152
-18632
19819
22048
-19789
-12563
3031
-5290
11600
-8418
-12667
-21099
7198
10113
-15654
15866
-17253
20581
-10445
12052
18839
-8051
-11601
20222
-10407
7234
17694
-9763
15552
19395
13406
-15598
2534
-2239
8508
-3883
-10823
-4241
-4135
19524
-18141
-7606
4078
12406
16750
-11176
-14832
-22117
-12233
-20369
16129
4817
-20428
-3934
22078
8388
-404
11254
11833
-6873
-8180
-6386
-18655
-15438
8391
18488
19925
-11326
10757
-12598
9290
18651
7795
-8152
-10267
14977
4472
9578
815
2995
-13079
-10809
6640
18949
2276
-8040
8480
7766
12975
-19271
13561
12574
-10014
-19245
-12251
10194
-1507
1328
9310
-1132
-13096
-13058
-9624
-5365
11347
-954
-22087
19678
7639
19129
-11947
-12967
8439
-117
-2018
-6850
11201
14065
9290
-12337
-12471
-6498
-1422
-21871
-8610
-20229
-17834
21953
12075
19493
18304
16754
5586
13978
-3859
-1029
-4201
-21330
-8531
21831
2566
6510
10018
-15359
14871
-8485
9919
4292
-1814
-8558
12395
-8332
16696
6546
7773
-14130
3353
17446
20637
16384
-9101
18874
-4369
-15642
-5652
6512
1215
-16621
-8345
-13949
-6392
-13288
7622
-17755
-13583
7867
-19773
-5329
-8824
-20763
3559
-12193
18858
-2784
-20549
-11605
12458
5229
18762
11209
5639
-395
-21657
-17026
-2929
-582
13283
-17379
8224
21198
2318
1424
7289
-19298
8655
17223
-21996
-1064
122
11806
11211
-8986
11677
7693
-6023
6892
11945
-2915
-8906
-276
20528
-897
1179
5036
610
1692
10495
-22037
-1697
-14708
90
7892
-14589
13617
8797
19307
-20336
3823
9841
-6471
-16719
-20504
21377
-19531
11001
7683
14888
-10380
-11810
9516
3887
-12476
-17390
-15214
13958
-12578
-21944
19163
2218
21997
21593
-2589
6964
15386
20225
-3022
-14118
3928
9774
-19821
-15784
-19455
-1787
-11696
20583
-21576
11963
1639
7793
5712
15408
3182
-10384
-620
17875
17266
20386
-6906
-20105
1680
-6814
19597
13999
-11918
-8289
16875
9565
7570
10629
-6200
-3769
-1367
-20445
13933
1145
16930
5657
12065
-20720
4563
5875
-4259
-17634
4080
13310
-7064
-20372
-21444
10973
170
16606
4279
19547
-841
-16042
1899
22149
4363
14839
781
-9094
-9491
-13813
2158
10684
1496
-18900
13971
11220
-17197
17193
12272
-19006
-15087
-4922
12684
-20099
-105
9444
19985
5748
-2306
13205
-3673
9045
4227
9616
-8220
-18879
-16874
-19211
4166
-10589
-15762
5681
-15754
8191
-13438
2389
-20380
4270
17314
-15395
13692
-15523
7380
-12756
20142
17483
15081
1645
1739
-8632
-21652
-5442
5110
5259
17717
-9332
4874
2624
-13417
2458
-4779
-1381
-2171
2658
6033
7281
13428
-18893
4739
-6659
-9002
-18258
-8512
11641
-8144
-22086
-2043
-21561
-22004
-2578
19988
11147
-21953
10004
-10873
-15207
-707
-4056
3882
-11264
12489
-18553
-5517
16041
-3908
-21013
63
-7256
21067
2743
-13158
19938
20714
-7196
-959
-9812
21741
-3778
12919
19926
-7184
-21055
13147
-12147
2576
-13157
-13928
11408
19079
14299
4997
4263
15084
7738
1514
-22103
-20540
2533
-9818
-1472
20372
7915
-11709
19975
-9763
-22075
-11827
-22189
-6602
-12923
-1169
-3264
-18870
4743
-68
-6547
16814
-12724
-18070
3558
-15116
-1568
-5220
-16702
19337
-8553
-13872
-604
-20978
-15116
7300
-21212
5526
5474
6134
2379
12290
12836
13773
19349
9456
14328
16088
-3191
2823
21482
5781
21816
3842
9994
-461
7427
-12829
21155
-18111
-14417
8318
-5715
-1342
1805
-13992
-20930
7788
-1117
12878
-7159
16851
-13630
6999
19197
9187
-8289
-19002
14518
-15720
-14050
16722
4342
-17830
-16518
1311
-9379
20015
-9617
4186
-21716
-2221
-10007
-21750
10212
15958
-1120
-11938
14639
10637
-3569
13692
-11357
-13085
-6581
9705
17851
-1958
-2459
-662
-7626
-5980
-19269
-1309
4996
20152
-2698
-13500
-14247
-2940
-685
13474
7823
-1842
-3812
-7091
532
-21447
-6617
-12867
12974
-15803
19889
9426
-18031
13598
19738
-5696
3765
20864
-17974
-14451
-20666
3184
14766
10180
11745
3353
17298
15943
-16689
17128
11238
5329
-918
208
-6849
-13009
-1897
17161
21808
-14828
9486
15907
-4841
-445
17618
18314
-345
-5799
-18244
7797
-5891
-17331
12691
13655
-10767
-10919
-7697
-16367
18354
5533
10276
4714
-14977
-16809
-19085
-9
-10195
7101
-8668
-16860
-12959
-16573
6207
-2860
-1833
-15679
-11350
20315
2194
-17397
-11118
8881
18652
-14347
8201
-21031
-16160
-21314
-20164
-2922
-33
-3646
7526
-20725
-1540
5110
-17319
13055
-16508
16340
3810
13463
22177
6773
2386
6596
19320
2420
-8241
4480
-14544
21100
-11614
-9413
-1256
20683
22183
3421
10646
9019
9578
-13405
-13335
2324
20185
720
-3563
8083
-7421
-21239
-22004
19787
-20750
6268
3833
4745
17178
-16715
8633
12294
21016
5444
14035
10346
2537
8616
19587
-469
-17574
7889
-4511
2718
-18880
-9217
-9690
-8204
12171
-18960
-2804
11684
-3133
19619
-12692
-19920
770
10809
-430
-9033
-11255
19120
-531
-9368
-12240
-16038
-7976
490
-13107
4374
-12456
9856
16164
8065
5539
8080
-17797
-6176
-9827
-476
-7429
-14355
-7658
19857
-7698
1453
12534
-11392
-12003
19645
-13121
-16425
-20102
9125
21392
-13747
-21845
-14511
10576
-239
-7947
-13256
-12496
-7411
-10472
17686
-20897
-17172
5641
-20224
2367
-6804
-2488
-21990
-8397
-2122
-14638
8029
13484
-6488
-18411
16395
7985
4083
5079
-21085
11865
-13033
-16679
-8871
11562
-9131
-11402
-18415
5427
-2273
-8184
-689
7144
10357
9209
17046
-614
-9505
4662
1925
7268
-4355
7445
-17201
13683
-6729
6321
-2543
9907
-5329
12097
-3648
14356
7739
-17116
-6964
-11513
-723
-18891
-11972
-5209
16877
-20656
-20614
-7499
2866
-19258
15729
-18082
-10153
7972
-20908
-5532
-3302
21865
4335
16321
-11788
-20073
20494
20643
11444
-21026
-9632
-650
10908
19391
20133
-12990
13109
21060
22149
-21842
-17250
1897
-15109
-20494
21508
9747
-385
19253
18540
14439
-5421
-14637
-12800
-7693
-5765
-8637
-2748
1021
16507
-3789
8755
2512
-14667
2850
9469
21031
2094
658
-14916
5531
3538
633
6292
4939
-20486
2668
-8749
-21349
18503
17575
4308
-8998
-19752
-14407
-9758
2082
-1853
-11660
4816
19579
-10720
-1019
3277
15997
5295
-20444
-13464
14850
4464
21578
-11482
-17473
14134
-21745
-21374
-248
4739
11392
-14938
-12536
-1232
-12256
-5033
-12364
14448
10599
20577
3390
12997
-16522
17467
-722
-13582
17456
16286
11080
-15425
17881
3597
7786
-5723
18470
18858
-21211
-21153
5893
-22131
-10132
16684
-8215
-2194
-4930
131
-14175
1475
-19834
2139
-10849
-5862
182
13483
10754
-13197
-20116
21387
4714
6367
-14826
-2912
2730
-9583
11531
4151
-22175
-17434
20159
-19062
-10598
-10015
10569
-21953
-14331
-9951
10193
-4122
6467
4346
-14878
-8076
-21726
-14564
17290
-14929
3482
-4395
-728
-4005
8740
14610
2663
-12095
-4766
19879
-17480
20451
-6804
-16738
-16877
-4513
-10553
-3699
-12447
755
8654
18389
2502
513
-9079
18206
2908
15722
-5723
20362
-6573
-18266
17615
-5774
-1652
13514
-5562
14850
-2519
16048
21500
20573
3206
12328
3398
9767
17016
21380
13358
19117
2454
-6088
-19615
575
21442
19149
-9676
16599
9417
-782
-20126
-16940
-7309
-3047
-1129
4863
20610
-4229
-1495
-20568
15648
-9011
8606
-19298
7292
11071
-17360
7083
-19516
10327
-4133
11305
7645
11208
-7922
12906
-12403
-10363
7229
-21381
-6380
14667
13434
4766
10023
-15072
-10076
18121
5414
-649
22114
-17874
-6246
18663
589
3658
17603
20717
-10159
-14483
-19899
1870
-11274
-5099
6069
12622
-15043
6841
-13287
15285
-8646
-17304
16434
20497
7687
21242
13950
16543
19816
17718
6167
-4220
12896
8583
21679
5112
-15753
1457
-16706
14240
10118
13980
-9927
933
16888
20173
-12754
3925
-4956
5271
8452
3698
-20496
-16258
877
-20659
20245
14457
13650
17865
7209
20432
-21546
-18029
522
-3259
-13093
-4841
-16071
-13264
15980
-21412
-10666
15286
-9297
654
13837
12432
-4201
-19674
4454
-19601
-6630
-11644
13054
10902
-19435
902
-20912
4650
6110
-5869
-14081
9683
-13612
-18640
11490
-10616
4324
-5164
10066
-6
21467
-9824
-6436
6198
-7508
-14739
19528
3474
-13495
-12557
-11680
-20511
-13934
-21963
5276
-13521
-5629
16042
-6207
10114
10365
13848
2639
2387
9108
-18697
-6544
-5214
-14285
14939
7964
18012
15398
16105
7549
-15399
7343
-14321
14469
-12366
17714
-13955
-6760
11373
7723
-7074
17605
8400
18204
9756
-21542
-1470
-5622
-17630
-20986
-5911
18963
-19496
-2780
14684
10427
299
-2176
-10606
-16501
-16233
-1011
-13549
-4622
-14482
-3970
-7326
14964
-19977
16343
13745
8599
-8621
20856
1743
20367
-9660
-14210
8449
-15619
-381
-9143
1100
1422
-16519
-7196
20540
9197
-9325
-10852
-6732
20982
-502
14203
5474
-13239
-7878
-21784
-5031
5279
-9555
-3834
-7048
891
14389
-16070
6260
7629
-127
13754
3931
7465
9233
4715
-18043
21260
-15688
14293
-3057
-18933
6473
-17377
-19961
-1157
-18800
-18413
9653
3343
-11546
-12292
-7581
983
3133
9995
3262
-17637
5408
3800
-18523
9576
-590
6982
-11060
-10698
-6340
-8249
-13461
14781
-2384
15375
-14975
-3949
5519
-16192
-9361
-11823
-15685
8492
-16039
-15560
15994
-7101
-21199
20714
2744
-10240
-2334
5227
-12686
-16945
19952
3962
-17728
-15135
9376
19846
4444
12736
-22157
9367
20220
-5847
21317
260
-13298
-4527
17669
-12848
-12881
16377
-13280
-7731
-22141
-3484
12314
-12379
3342
-9300
-8747
3899
-13696
-12345
20554
-9503
12140
2790
10248
-1345
-8154
3062
-16480
13460
-6128
-19230
-20822
-3248
13045
6135
20087
12837
18582
5983
21720
-12399
-19388
-19851
12525
7298
11988
-6114
5186
15418
15881
20048
-5055
-4633
19326
21395
15550
-10285
2776
3799
18985
19404
12357
-12833
2046
-11549
-6132
18977
-13571
2776
-2114
-16594
-6766
233
4110
5835
18010
-4512
-2888
2457
14587
-20867
7891
-15329
235
2813
-8981
-21763
-21994
6612
-8603
7834
-9573
-14010
-6741
733
11845
20654
17028
11293
19082
10172
-6259
-18687
18689
17442
-16373
-19246
-13120
-630
12756
16457
9308
854
-21507
-10026
3771
15619
-575
-4532
21881
13017
-11888
-1628
-21696
22118
9006
-10574
15513
-918
-6154
-9291
13946
5939
-7617
-1909
8342
15713
5915
9417
3417
9647
21838
-12562
-10640
-20601
-12107
20377
-18246
21414
-18780
-601
14564
2903
3711
-17563
17636
5927
13630
-6220
-13766
3205
-18247
-7398
-11115
9355
-7262
-16030
12140
-20859
9227
-11396
-7237
11670
-1361
-9813
9261
-1062
4135
-8926
-18014
9135
-971
16631
18528
-12029
-2799
-13914
-6776
2740
-150
1404
-8478
18015
11066
6087
20418
-12299
5209
13295
-8586
-5438
20744
-9056
9908
482
-15480
4158
-13993
-6541
-7501
18163
-16211
-4207
-2610
4361
14479
15061
-3870
16276
102
-10429
-10960
-14324
-16765
20081
-16520
7033
13879
-2619
13816
11912
-1578
10317
-19690
-8564
-1647
-20605
3323
-4916
1690
-4708
-2573
-15346
-21365
-6819
-8456
805
15122
-16650
12455
-20056
-11222
-9955
-11340
-4467
-11453
21093
11954
19674
10764
-8392
-8931
135
11264
20785
10365
22125
4012
12768
14098
-12474
12180
-7437
503
-1391
8459
-3739
8930
-4806
-16736
-22123
9007
21923
2645
14829
14199
14220
12584
7776
1271
1782
-20607
2684
6309
-1761
9936
5070
-20833
-6509
-13620
-12528
-19580
-15976
15506
-2621
-13452
-2449
-12039
-6176
3657
-12286
-7879
15687
-13158
-13849
9032
-4724
3914
-899
-20509
-15034
-14460
16306
-13217
16067
-13981
5859
496
-5501
585
19029
-20826
-12887
-7931
175
10539
-11584
19874
-17621
-13130
-17912
-20682
-17234
-18311
467
15118
-21416
-17113
-4010
3950
16172
9490
5115
7973
11613
-5779
-21134
17658
-3912
-64
8966
8983
6198
4246
-14182
-6973
-16709
1798
13140
-9022
6571
7304
-7015
1596
10650
3281
-6313
-4919
14948
-8685
10712
-7930
-4077
-15274
16838
14496
5927
6503
9997
-14878
8950
-7565
12500
10899
20632
-11738
-178
-21890
-14243
10068
8820
-18159
15241
8461
19743
19991
11742
21986
14691
-7619
-8561
-12147
-5016
-20979
-11568
844
-1845
-16937
-13625
11857
-2845
-1431
-17872
310
-21357
-9838
13515
18820
-14858
1774
18037
-21760
-15018
16530
-13603
-4036
-14352
-2734
18799
-10000
-10558
-106
14696
-9146
-8039
-15670
-10482
6508
11583
-4315
-20785
21049
12060
-18753
-19272
16963
-1577
-8170
16118
-14543
10457
15119
-15305
4979
-2531
-14623
-13825
-18920
5709
7845
-17391
4282
-17370
-6840
-20709
-8577
19108
832
7435
19485
-2503
-19012
11637
-20906
20444
19964
15723
-2735
622
-20617
1310
-2999
21130
-17159
20971
-11394
667
-19291
-19736
-1723
-20218
-4288
7568
10070
12645
-1887
19116
-12124
-15920
-16627
-16999
5426
11589
21970
15900
1929
16320
21867
20315
-15116
-17454
-11884
-19069
21953
18244
10252
14256
-353
-8388
8788
-4487
11629
-13856
-8332
99
2734
-8462
19822
856
20536
-5684
-3669
-9507
-21260
6796
-8650
-14105
-1755
-17662
20525
-17003
-16058
4458
-15459
-948
3174
-2726
5928
4360
-21004
22022
15945
2937
21457
-13284
-21430
-54
18878
1784
-21971
9407
20543
-11131
12550
1322
-1320
20450
-2354
-8536
-8040
18465
-8368
14765
934
20887
17324
6803
11829
-15946
19977
-17264
-6507
12317
141
-19973
15814
3939
6147
20325
4107
-20467
12868
-10739
-8790
2299
21797
-14011
-8596
21867
20223
-15377
16262
14819
7845
-14527
7584
10895
7243
13666
-8085
-2358
-14857
591
6518
-12830
20544
-17852
10471
-1913
-14435
-9361
-9947
2572
-21843
13572
-19224
20287
10954
-15330
12469
2756
-15848
15338
7115
-13865
12482
20436
-6742
-5226
10269
9128
-9353
14120
-7307
12988
-10239
-1704
4710
9309
-17545
-5902
14687
4637
558
8069
-339
16741
-16457
-19784
-19542
-17670
-10772
13220
5526
-15644
-11178
11405
14565
7917
-10861
-5283
-2613
-1754
-2498
15116
-3752
19694
-9193
21927
-8963
4528
18918
-14715
-15603
-11676
11726
10175
-7362
-10016
-9970
-18910
17175
15515
19976
-14560
-6569
-8848
-16500
13682
-6189
-8375
-15654
-20763
-143
17465
16183
10741
-8178
11059
-17636
-13057
797
19911
-15420
14351
6455
6984
-21301
15780
7608
-12414
5238
-7659
12864
8835
8261
-10036
10825
21664
-9462
306
-1442
-13808
-16363
14797
-9370
-2819
16634
4854
-15749
-8407
17049
-7186
13542
399
11518
6178
12131
-4146
-11012
-1319
-16555
-11291
20228
11500
13829
-20575
18517
-16064
600
1863
18665
15388
-8258
13169
3877
-11479
-7900
-18106
16355
17684
-4892
-2412
-17624
9364
6044
-14517
1257
-12414
-2613
18916
1656
3391
13399
21045
-9002
3761
-1067
7939
14136
4197
-12831
-5283
16605
875
21089
3735
-16060
16293
11566
13387
-11603
13811
6209
-18132
10991
2098
-6499
-416
7703
-2687
2809
-2725
-12856
-22186
17857
17660
13408
-21100
19096
18430
-11442
-10189
17841
7646
14058
9359
-9404
-14623
559
3217
-18446
8037
2720
21830
-14922
739
4861
-3804
-21096
-3371
-11085
-21125
-13110
10950
-12136
14350
-11063
19031
5445
-19164
20036
9184
-18554
-5570
-7023
-21213
-5769
6527
-3194
-2749
17351
8152
15548
11678
-20215
-9121
4145
10800
-8903
16385
-20487
11257
1491
14729
6394
14368
21372
19949
2628
9611
-4600
10309
17836
-17355
-9196
2874
12835
-17993
-8469
2288
-19661
17195
-4240
1230
-13906
-9479
-16559
3578
5644
16474
10459
-10011
-7508
3333
20245
-19674
-126
-7537
-1966
-14826
-6020
-7731
-18513
731
605
9728
551
6485
-6610
18146
6761
-15718
-14890
16175
16299
-9220
-12798
-15256
-10130
9171
-20487
-7933
-19505
10092
-21063
-17473
-18595
9642
18017
7329
364
-5245
1320
2103
-15899
-13621
3741
-13492
-3811
-17075
11787
1674
-16411
4273
-10378
-19776
-7678
10526
-4169
1186
17733
15627
9238
15770
16167
17031
13432
11993
15162
-11271
-10228
22105
-10543
-18614
1659
6118
-11067
2148
-10626
7564
-18054
1387
14494
3308
-20826
2758
-9108
4892
21854
14277
19226
-11695
10457
-21581
15832
11709
-14392
20862
-2887
-16243
13284
14729
-1967
-6417
-12371
20162
-10159
8136
-17939
-19980
-4096
9515
3489
-15218
-10741
-7989
-12206
10129
-6807
-20942
-1576
-8617
5202
-12175
19482
-8548
2714
-5539
-9016
2620
11562
-1032
13308
-17747
21809
19202
-14050
-8995
19992
15668
-8924
12453
-12438
-15399
-3649
-5143
-17735
16494
10798
-8979
8093
-12805
-12564
-6854
-22081
2584
-9440
207
-3836
-7086
-21047
19901
-463
-10502
3216
19411
-8110
-4632
-5905
9946
13295
8548
17447
14763
22071
10434
4154
-7575
-12593
-5502
5928
11797
-3101
691
9149
-16935
-20692
20698
-12702
-11912
11009
-2857
6161
-3171
-9843
4339
-21555
-13132
21834
2614
12510
-3079
4851
17860
-2841
-1464
10711
-6566
-12528
-11580
7125
-5052
-4809
6194
15301
-14401
10942
-17259
5573
73
20080
18676
5958
-7991
13268
-16627
5430
-21940
-12681
-16321
12331
-13837
-20247
-21715
-12680
20591
19014
-11275
-15456
-13082
-12237
15245
-12465
11292
-3648
-12344
3876
21446
-20944
1962
19163
-15883
-3272
-9169
22127
8815
-267
-15639
-8322
-13561
-18296
-6068
8473
21140
-7716
-16476
16884
-8420
5261
-21566
-11619
-15879
11455
-11637
18357
13692
-7956
-20127
13579
-1530
8836
10331
17898
15348
-522
-11841
22210
7902
14507
-940
-21344
-1466
-4920
658
-1853
9136
-7145
261
11821
-14592
-5987
5200
-1418
3929
3973
11569
-17067
949
5790
2343
-11343
-2414
-8505
16538
-21359
-1999
-17313
9437
-13797
20874
6520
-1390
-11356
-652
9918
-21751
-10285
-16801
-3842
-2329
11340
-8344
13524
9466
21178
18045
-827
11064
-6122
-9784
19402
-9540
9963
13410
9007
-21706
4289
-2365
-21603
4138
4176
7402
15077
2013
4121
-1041
11033
-11585
5373
-17680
22155
-15588
756
-330
-9056
13835
-4354
-7891
6360
6239
-2604
4445
17392
-17236
-19457
21937
15884
-3274
-2617
-9018
-5592
-20263
4563
-10433
20439
7448
-21603
-8037
-14542
18942
19528
16869
-13120
14618
15861
-17748
-17980
-11297
8685
15184
-20094
-1785
10668
1805
-12974
201
-20636
-3545
5242
-18361
6871
-5768
-19162
-684
-10080
16007
15044
12940
19529
21821
2337
2356
14876
21498
-3378
202
20955
-8255
-19454
-16757
-20231
388
6816
20231
-12992
3172
17942
9488
9198
-10691
19749
-9822
10872
19337
1540
4029
-13334
-21712
529
4922
20320
16217
-18297
-18039
-368
20983
-13286
-21397
-1342
-16723
18016
-11859
9798
-11447
-7100
19807
16252
-14881
950
17459
-21660
22065
7416
-20062
8946
9268
-13587
-21925
-13085
-155
16381
7201
-13011
7213
-1966
3729
-10820
14342
-15173
-8423
2696
-14240
13942
-10385
7941
-18514
12490
13226
17373
-9813
6611
-3035
14077
-11202
15291
-10645
-18387
4462
18928
15260
-4875
-18294
-15865
-8245
14679
-548
12005
22080
6362
12615
-15321
18752
8192
-70
2076
-158
-18898
4988
17756
-11930
19382
-6351
2440
-4721
-19288
17607
-1311
-15875
-11378
11241
-16082
-9337
17025
20516
10331
14799
-13677
-9639
-14007
20447
5106
-14145
20628
3713
21510
-3002
-12714
4966
-17415
-4760
-17940
4225
-13618
-13495
17257
4365
-16938
16637
-8373
-21226
21250
-9798
-11930
3624
20657
-11047
-3637
-17200
13000
16753
12981
-7782
3286
19026
21049
15747
20484
6233
12492
686
-8291
-2341
-11177
-2073
-1732
15900
8324
13866
-4528
9875
-19678
-20571
-2279
-1541
21671
13284
-4368
-3377
9651
-12169
-1303
-21817
4297
-20725
-4899
-6530
6338
-19599
-20496
231
12718
-15870
19341
-17083
2498
-9059
-14056
-16643
-13378
-9731
-18302
-17807
-7040
-11078
5652
-12284
11216
-10792
9224
9290
3650
607
-8912
-2929
13191
14240
-4356
14649
13033
3253
13197
-5414
12391
9397
-17048
-7530
-18192
-21713
18977
-10801
15520
-1634
-18128
-7777
15496
7447
-2662
-6308
-21337
4205
19496
17053
21769
-12506
-19037
11409
-21279
-11208
-10837
-21861
14619
-631
20577
16873
12778
3676
-21963
-19110
-1296
-20719
-2726
-11957
-7805
-15090
-12801
-18646
-17936
-11095
-21516
12955
-21324
10827
-8432
10337
-582
-16979
11769
-21006
3149
17841
-4030
-18912
-7597
14539
-9159
-15784
-14305
-19143
-14245
-5675
10898
5040
-6819
15628
-14317
-8328
-15890
-12463
18683
11069
-20856
21498
5711
612
-14865
-5830
-20823
-16228
3024
3083
9345
-6081
4023
22121
6955
5607
-17930
-8277
21321
751
-10080
18809
6576
-17628
-13633
-434
10379
4834
-19577
-7586
17015
1302
5780
3494
-16049
14083
-3652
-21024
18624
6034
-5739
19752
-18671
-20957
4776
10553
-16977
15539
-18367
-12901
14892
-16188
9509
-4895
-1148
7835
6705
5101
8441
16235
3644
-18742
15798
-14403
-1480
-4574
5414
18186
-12746
1418
-18469
22042
17623
893
-14878
-6539
18795
20984
-9509
-13259
7386
7987
-18498
9531
-11071
-6923
18114
16386
6014
3368
-14573
-4451
-9313
6256
19130
-3388
1627
-22087
15795
8129
-21166
-10729
-21199
-7956
543
19396
-13557
-19884
-19561
-20249
-13947
21147
-5085
10187
-19617
-21876
20069
-3508
12970
-9499
21627
16972
-10252
-12613
1234
18145
2475
20642
-18703
-18224
14027
7271
18972
12971
8391
3855
12513
-10705
-6557
18838
3561
-2294
-158
-15054
8608
10406
12609
-19689
-5911
21041
17267
-12453
8210
7580
-1217
-14830
20593
10073
-7438
6885
-2330
8849
-2090
857
-1943
-11240
-4303
-6940
-8182
-19192
-17093
-14272
2896
18911
14272
5004
-13639
-5695
-17903
-3530
-21645
-19532
18823
-11759
-17014
18396
-6946
-21473
90
7348
-16690
20250
12006
4707
-10665
-13323
9558
-9011
20233
14993
3618
-21802
11524
14322
12848
12903
-11020
-5474
-13405
13954
15747
-10402
17321
-7534
-1664
7905
-17738
10718
2005
-4679
11801
-9205
-20767
-17075
-309
-18372
11143
15876
5129
11798
-19365
11127
-13968
-14087
-13165
7430
-10436
1554
-11248
7136
3764
-17834
-15775
-7961
-13750
-20699
-6223
-15895
-14014
9191
4481
17243
4311
-19539
384
8600
-8461
-7439
4323
-20943
-957
-7274
-2770
11995
-1324
15776
-268
-10067
7712
-14100
-14193
19244
5611
-18328
15327
21052
5512
7842
-2758
-4747
-12336
-20981
-21411
16955
-21199
-7702
20825
5081
-3739
-10568
-9144
6924
7848
-17838
-16839
19244
21360
-12799
2032
12241
-4286
2898
8159
-8814
12605
-4338
20928
9585
-1324
-14082
19467
11355
7299
-18858
-19080
-1728
5855
20975
14882
-12812
-7243
20485
-15466
-3649
-18312
-8476
-14995
-17913
17077
-8096
4015
-8272
-10410
-230
7803
6636
6726
18455
-18779
18402
20181
-9775
-16039
-15943
2945
-309
-3614
-12059
13226
2826
-16704
2363
-13499
7327
21882
-15973
-6269
2809
3671
-19653
7341
-17676
5882
551
-5843
13682
16770
-8524
1017
8248
12554
-7355
-1513
-1252
-19061
4116
-10815
21113
3404
-6721
-7537
3489
-9270
1739
-8263
8200
-742
-1965
9649
8480
-20835
18688
-5435
-508
-16848
3834
13366
-1299
-21212
21744
-12591
14485
-2641
15927
-13939
-13935
6569
10138
16168
-3852
5841
-20430
-11160
-7225
-5781
-17228
-3451
3590
6677
-11612
-15941
-12910
5816
21251
-21307
-878
-20380
19465
-2884
346
11228
15111
21106
-8232
-473
8672
-6663
-7019
-1481
11911
-4675
9752
-10431
-19540
-12188
18718
6324
15791
5080
658
101
-1599
2571
20236
-1553
20668
-3678
17388
-4169
10362
-20169
1692
13680
-20804
4873
-1736
12440
5635
-22186
4524
-20769
15618
3197
8037
-10709
-21949
6144
10173
-2545
-6723
3488
-3680
6925
-5153
-20679
-16380
14001
-1550
9322
-12570
-8480
-18976
-8998
13076
-13645
-4044
12585
-5692
10611
3475
-8761
10610
-8110
17501
17809
-12407
-3343
-3427
9181
12258
14741
20534
13690
-11562
6981
5536
-4064
-21717
-18508
6545
4040
-11855
-9421
-8962
-17499
9141
-8898
19242
-20360
2449
14072
7230
-6091
-2505
3355
-16066
3587
-10671
4726
21289
-6961
-13697
-9551
-16213
-18213
7475
3584
11377
-13397
-13510
-8468
13115
9375
10012
14335
-5654
7726
-18297
-7108
-14343
18818
8756
-12943
-5354
19542
-9936
2496
-12697
6200
19236
-15561
-16364
5096
19104
-2537
6020
8781
-14799
-3235
6479
-877
-7434
-8298
-13581
-3925
1095
12646
18401
-11977
-5120
3652
-20119
8432
-19463
-10736
-20238
8223
-14697
-8617
12223
-21053
11972
18786
10214
14680
6763
16429
-21752
16376
-8824
-9625
12524
-18359
10224
19220
-2044
5454
10733
20135
-5533
-2223
7623
17698
21540
15811
3026
-5244
1532
265
15834
16680
-1671
9462
-14204
-16416
10940
-3825
-2630
-14080
-1996
-22
20630
20862
3038
18860
2748
-5439
22139
15345
1683
-2501
-6344
-7070
-9567
4145
-8130
14649
19769
14975
-11236
-3204
1754
-15755
11087
9182
-1017
-12099
2022
6056
2422
13190
17310
-6049
4132
-10707
18814
10077
1553
-10123
-7331
9449
-4188
15427
-15048
-2139
11709
5422
-11690
13848
9107
20359
-2177
8892
10322
18588
15085
-16709
15099
-8336
-16773
-938
-4236
-7243
16351
-4890
9083
-17197
19461
-4036
12167
-6808
-12028
-13817
-6739
20755
12958
18438
12112
-20491
16991
-8854
10259
-9280
-3543
-17563
-156
-3799
3900
12384
-10159
-135
16045
14384
1336
8267
-13590
-2209
-17625
-3194
14120
11422
12887
-7973
-4996
-15499
12535
-14394
22197
10831
15376
5077
17435
662
-695
13226
-7207
-1691
-1126
-18956
-8828
15824
7555
-12708
-11529
12749
-17659
-17484
-17599
10759
19976
-15306
-1936
-18042
-21167
-12478
-286
9648
3571
7919
-1748
-11873
1411
2664
8735
-1223
-8912
15896
653
-6328
-19955
-15342
-14782
17018
-2615
-18654
5707
8532
-13990
14881
18643
78
-10124
1010
-19849
5641
1911
21329
17428
17487
6968
-7047
12793
-8550
6911
-2526
2115
18762
14198
-20550
-10471
967
-20325
-21251
-14911
-8199
2337
8451
13764
17832
-12563
-7206
19362
19228
15182
-19522
-12653
-13549
-7306
-18848
7499
16556
852
-9402
20265
-19199
-15372
-19305
14896
2901
1540
20602
13884
5397
-14846
-15559
4097
-9716
354
-18541
3263
19990
12068
8774
13423
-11978
-7151
15638
1101
-7142
-9945
10124
-10455
13417
6450
-5716
-21206
-8647
-12792
14815
3763
-20138
8978
16763
22000
-12923
18048
-18951
14461
-16272
13593
-19949
-11673
19822
20292
3387
-15072
-18855
-16660
-20321
-16724
20356
7632
-5389
-1496
-849
11583
-6263
20425
20393
4822
16338
1889
801
21765
9780
-10914
17292
-12177
-5975
-7550
21055
2096
-3979
-17665
2819
4350
8809
-7999
4024
-22007
-13958
8283
-5825
-20090
-18907
2777
16017
-2156
20331
19083
-3757
-4959
-6087
-3633
13868
-18691
-17783
-11748
4727
-14549
-2207
-41
-7477
16667
2235
-16306
1532
-10007
-15026
15798
15090
-20977
10416
-520
4443
21819
-21433
-18158
8786
-183
13385
5877
-5142
1330
-5269
13958
-125
11151
-9176
6322
-10975
5946
-19596
-19276
5809
1050
-1570
9810
19504
12104
22106
-5836
9535
2025
19013
14670
2133
6031
-20457
-21610
14130
-11997
10931
8567
-8096
1495
-15176
-17558
-18942
-15517
-4544
13043
-8551
-2246
14952
-20642
-4993
-7811
-5437
20519
-9886
983
16643
6806
2374
6259
6483
-6470
6810
16145
16158
-13477
16777
-19636
-7396
15948
3639
-10220
-21213
19154
1863
-12694
-17276
15889
14321
13622
18009
5746
20291
-7020
-12609
-21728
18857
-4791
20520
16362
-9383
13836
14563
2331
4143
8859
12299
16072
-5873
-2602
-850
13046
-6784
21290
-21423
-8557
-7235
-13492
976
18215
-6969
20458
-7554
-11432
-14899
-8613
13164
-304
-1595
-21187
15132
19650
-12340
-13776
-10663
3275
1269
21606
3984
-12299
9602
6581
4967
4038
14604
8371
10641
-5244
-7975
-12910
-20459
-22012
-13560
12670
-4306
-2702
-2776
-14467
-1929
20270
-10939
2714
14462
-15897
8618
-21443
-7099
-3809
11469
-19116
6819
-6013
-2971
-12797
-4412
-1744
20630
1034
11518
17274
4771
6119
-7148
-1640
21088
-14724
-17981
8701
-16897
17801
7833
-1833
5611
-15902
-18493
-20420
-20222
20290
17273
-17105
-4525
-111
3266
-16974
-7992
4806
18012
16708
-6233
-7518
-11207
-20448
6419
-3500
11788
13692
-3430
-14653
-8876
-8232
-10094
-15838
-11007
1891
4126
6314
-6887
10246
-7052
-17360
-10917
-16265
20874
14416
21244
-1123
4810
3839
-5849
-14644
-8015
-11451
-6165
1100
19718
21745
19324
15136
-3949
-18407
13068
6917
-20443
-9436
18699
7781
5983
8105
10793
9319
8411
15747
3425
-6636
-6709
-7452
6813
-1017
13947
-2620
16026
567
19445
21388
1918
12785
-12576
18120
7394
-12664
2471
9401
-15178
-5631
-5358
3829
-15031
2889
-13152
1785
-12079
-2341
-5394
-6660
-16961
-9971
6
978
-17005
-10263
10033
-19120
22042
2069
10327
-20675
5040
8814
757
7978
14910
7085
-18766
-5986
-14349
-5903
8839
18684
4372
-20755
-19207
-6747
8954
-16247
8366
2697
-13422
-6636
-8129
4362
1152
18247
-3212
310
-3826
-9423
10583
12991
-2333
11996
12175
-2524
-19206
18792
-7372
-10729
-20197
-6165
-8324
12877
2977
-16101
3462
10341
8535
-10089
5416
15276
12612
-7803
-19746
-7784
-6916
3352
-19221
-20570
18360
-9991
17179
-11310
-19002
-20575
-15063
3468
14560
-18968
9829
-13198
3542
-17792
-6338
9210
3567
2370
5274
-4087
16629
6423
10198
3761
3812
13625
7834
20031
13887
-10556
5489
5002
20059
-15324
17297
7111
-21715
14486
12427
-20429
5447
-15510
-6952
4238
-8848
686
-1246
1241
-4308
-13607
-8516
10060
-15488
865
-18543
-21963
16546
10547
11964
6462
7956
-18792
-2028
-11924
22202
16587
4850
15609
-4583
4558
13728
-2369
9328
19170
1332
-8695
-14801
21820
-12601
12826
-7196
-21331
12483
-1963
-14376
-3640
8785
15495
-2088
-13619
-2658
-807
20295
-20988
19595
15470
6728
-15930
14284
-21147
-12539
-20637
-19745
-4508
7011
7070
-3442
-15091
-17253
-111
-8405
-16815
-16940
-1212
-14044
4370
-19327
-17653
1251
-17118
1943
2904
-4816
16985
15969
22176
-16416
17889
-20246
20408
14184
-7251
14166
19596
1619
6896
9319
-12195
1907
10888
-15204
-16636
9360
-11136
-8909
6883
-16390
-9326
20514
19739
4074
12556
10351
-20106
13750
2938
-6118
13554
8777
16857
-783
-18830
-18754
14819
16982
19812
1723
10100
-1924
-1394
-12309
-12769
-20237
8332
9869
11183
13312
11018
-15286
10547
-2161
-14732
-699
7284
14532
6230
-1533
-21576
5684
15607
8783
-8385
8274
-17867
-20804
20814
14822
-2846
-9108
21331
4194
2888
-4594
16252
-7563
20701
11561
1827
-14404
4495
3990
-17036
2233
4475
562
3138
3953
4779
-915
-6635
5863
-6142
-17236
-20622
12883
22064
19322
9615
20071
19983
-11835
-9345
4365
4352
-16126
21016
-6998
4795
-3931
-20311
2667
-5901
10940
17480
-17364
-15695
12197
-4056
-19734
5119
17442
3977
-5020
-17210
18169
-21329
20451
17798
-4868
-12148
14037
-1288
20493
9990
-13525
9343
-228
9041
5731
-11442
-14089
-380
21504
-20047
-12272
9733
-8488
2481
-8663
3806
17084
21949
2182
11384
-21130
4306
-3096
-9049
20024
9953
4965
-20037
-621
7982
-3464
-2489
1501
-8703
6412
-6699
803
-13234
-2189
-12926
14436
-16144
3947
20460
18502
12994
-8989
5110
-15586
21098
-5239
-14490
-782
-11460
-3388
4370
-2494
18579
-13576
6042
18284
15444
4208
-6439
-7667
-5357
-6108
7121
2259
-13346
-4124
16433
4664
18791
-7791
-5456
16757
12090
-835
22199
7419
-18012
1833
-4866
19518
-8438
21268
-10139
8045
5115
-20369
-8151
-15173
-20093
9134
21818
19294
9320
-14830
-13410
21313
-8517
-4345
13038
19200
-2659
17294
12640
21634
4241
-2470
31
1944
22137
-20331
-5
13348
17051
-5486
4386
5231
-2436
-1563
2780
-3950
18784
-7372
10141
6656
11213
-13343
13012
-10537
18713
-11708
12150
5755
19797
4114
-2663
4385
-3146
21326
-21107
-12254
-3985
15445
-761
-9259
1456
-15006
-13493
895
12913
-12222
236
6305
13381
-10669
6417
-13954
-8656
15004
20663
-9514
9724
-16987
10279
11529
21180
-3896
-5478
10654
22167
9961
13230
-14030
-21502
-10104
-7674
-3452
-18328
6019
11558
21382
-15786
10378
12091
-13168
-16833
9962
-4792
-14973
7923
18805
-18369
20253
-15893
-7602
-11465
-14967
-17558
-8779
-6288
-4371
22125
-1484
17321
-1812
4277
-12380
11836
7939
-17401
-17859
11563
7899
-11935
9770
9623
5240
9156
-2085
11761
-19408
18667
-11694
19987
-271
-14427
-3249
19008
9435
16892
-21634
10304
-12124
-12724
9760
-8353
-801
-13394
9337
11269
-5338
-19948
-2671
-18411
18373
-19729
-9268
-133
5434
-734
-11085
12497
18440
-6375
20709
-1514
-17094
-21850
-17493
9300
5864
13904
16500
7417
-8582
-13209
10061
-11696
-17785
459
12709
1596
9949
-13192
9729
13138
1241
-11689
-12937
-4928
-9314
14075
-13602
-10393
12707
-3235
9798
-17811
14309
403
7084
-13230
-12009
685
-477
18177
-17052
1918
662
-15170
12705
-19929
8578
1572
8786
2984
-18987
-312
5728
-18492
-14009
8809
-9776
9871
-224
17034
-7467
11300
7185
6159
-5253
-13723
-14051
-12118
7802
13962
-3351
-9435
-1176
-12768
-13082
19134
9211
-118
20518
-19353
-9156
15323
-10819
-12322
-8002
-16337
3065
9299
13520
4135
-4446
4782
-6142
21090
16451
-13678
9110
-2097
19756
1479
-11451
-8961
21007
15093
9079
-3822
7246
7343
-12546
-1141
21339
-14234
-17858
19371
-2587
-11050
21901
-6477
2605
3418
20555
6046
4862
19522
12663
-20902
-13858
-559
-7968
4105
13560
16983
18811
-8665
-17575
-3588
-14441
-6206
19502
327
-9360
-4137
2385
-15364
-3461
4673
3830
-3876
19937
632
15639
-2961
17007
-16151
-2293
6923
-16670
18428
-12551
6105
-10464
1522
4124
-19123
-6833
-17272
-20940
-20444
14569
-15871
-15445
-9665
19955
-15416
19968
8947
-15730
-4718
9397
1533
-11238
5240
-16620
6656
-8265
8177
6880
-3214
-21281
-14094
-9592
3457
1320
-14810
-11763
8938
2142
-1984
-17044
-1624
-4660
1705
-7683
-20735
9507
774
14825
-5989
-20103
7725
-21027
375
13266
2996
6764
-4102
-19971
17279
-8066
-10598
5101
13831
7350
-6959
-2103
-6852
-18190
-16431
8981
11831
-9590
-16120
3826
-845
-14039
12635
-9309
17279
8403
-16466
13995
18059
20481
12342
-20421
-6711
-189
21794
-16849
2286
18194
14535
20758
7985
-10994
11158
10415
10997
-3936
16001
19564
5916
-7917
4413
-6932
21229
12699
17321
-22216
-7972
-19683
-5014
-6878
17575
-5107
5500
-13508
14271
-12591
-19994
-7747
21735
14627
-21083
-9128
16041
-19274
-10495
18564
20597
-9993
-13756
-16239
-21565
7467
-16864
7386
-6796
-718
6691
20071
22031
-20228
-18315
-13946
-3648
2191
-7197
-11013
11633
-21079
-10972
-5565
5979
10910
1036
-12167
19761
-9776
-1788
-1324
-2242
-3407
15502
-996
15562
-12578
15658
18877
-13996
15641
-14940
8065
17354
13516
-11777
1082
-2665
-7405
16903
7160
16695
11988
-11325
-3988
20483
6348
-21259
-1526
-21938
-10767
10663
-20725
-16390
-20768
-20342
10028
-8345
1155
414
7082
-16273
-18008
-21468
16227
18726
2441
4195
-6693
18976
-20632
-19173
-15762
4589
-17043
2175
-9494
-18790
20601
-6581
-6540
-5285
12557
-18461
13282
16094
-400
240
-5782
16906
-2965
13880
-4947
10531
16792
21216
4891
14076
-18402
16655
614
20303
-3880
-20871
13846
-8556
17057
16714
-4953
19649
7627
21820
-21490
18304
9303
-1297
-8543
13244
-5376
783
19339
-5278
-16661
-7731
15310
3002
12862
-21328
12592
-3272
-17270
10590
-2962
-18433
-2906
4110
11758
-19749
-231
-10633
11527
13693
-17489
-18298
-15706
-10630
-5753
-12314
344
-9345
17956
7604
7467
-1801
1569
-2380
-14890
-17719
3534
750
-15245
6127
11416
-5156
-10059
14314
13323
-8987
19182
13706
-22114
21978
12182
-2400
-15415
-5801
2162
1011
-7805
11429
5921
18949
-20274
12927
-823
-20028
3533
12687
-11122
8094
-18878
15549
5110
-17234
6020
-4427
-21831
-13403
-12275
-9274
-9444
-14379
21914
22163
-15132
506
-3498
7973
1417
-5761
-9824
-5450
-18759
13232
-19301
2528
4657
-22197
11764
14917
-8530
-12131
-861
-3931
-5200
-21628
16130
-1362
-7029
-11806
22030
-12591
-7448
2390
-7405
8045
-4175
10928
19686
-2693
13473
-10798
-15592
13122
-21792
-17776
8826
7278
-10351
-1174
-9241
17602
-6834
2628
-17728
-6791
1947
-5039
-3411
13175
-17825
17433
5505
-19685
-10168
22098
19081
17203
9178
-19012
-117
12820
1876
4834
-7201
5581
17517
-7194
14595
9078
876
17457
-5680
-5371
7547
4950
-7478
-15168
-9774
12760
10212
-21337
9112
3647
20579
10180
20771
6746
-10607
-16222
-2637
12411
-19303
20740
2592
-4694
9423
1186
19138
18166
19395
-9255
-6539
-13041
19851
14072
12001
-18279
-14736
-7517
-15891
-3129
-4711
7515
-18906
8705
-2294
-13457
20373
-16992
-12019
-17929
18059
-19640
21837
-2004
-9999
-8614
-19384
-5248
-16297
-7767
-22117
11783
15645
-13759
-21358
-20630
-11256
-17726
-14318
20051
-18499
7207
-12798
11431
5657
3979
-21488
-4142
-8958
5886
7840
-7987
16335
19571
19085
-11083
332
6533
10117
-4716
-9320
17754
18499
19421
-20418
8121
20164
-16498
17277
21828
-11301
-20105
10393
-13647
4336
-18948
14683
-9439
-18731
172
-16300
13372
-18598
-11666
-19405
-12380
-8610
5743
12618
-19664
-16077
3458
-539
15315
-20020
-3251
7659
-413
21749
6850
-707
-10039
-19205
287
-2881
-16776
18960
7457
-7149
-5966
14331
16258
-18090
5142
-12512
18346
-9121
-17014
-18273
2224
-10833
11167
-10694
-13716
10771
-20926
16628
-6561
4894
5635
-14968
-15742
-9587
-2663
1232
-14783
11738
-20978
-11132
-5838
-4702
-5387
2276
-18212
-21237
15141
-16027
6798
7974
-20939
-20467
750
12744
9493
-13899
12720
-9765
18433
12016
18113
-11857
-563
-14456
-12381
-14712
5824
-18629
1592
10472
4182
6645
12007
-7881
3720
4777
-9073
-10541
2808
67
19779
-10435
-10263
1768
19600
10477
-10812
-6112
2030
-17772
-2201
-5935
-6996
19857
-7177
19870
-4923
-4777
-18398
21414
18942
5120
-11331
-5001
21833
7320
10706
-21696
-3050
-4212
-7066
-10804
-4522
2793
-6212
17405
16151
15762
10426
-16788
-18062
10416
20705
-3448
-2211
5364
-17859
-2674
8113
234
-12530
-19795
17265
-19698
13043
7126
-6984
3453
-2546
10647
20142
12111
1287
-15683
-19568
8128
11425
5557
9069
666
-9245
-15297
-17104
-2560
-5604
-2747
-8572
-1199
21460
-15687
-17455
22101
8577
-9434
7179
-3457
1526
10831
-3283
3740
-16515
6876
-13055
14495
954
-4033
20782
5517
14385
8952
9029
-21276
-11689
6030
-11703
5151
-18462
11562
6393
17320
-6171
9705
13788
-7417
-14151
-14703
14267
8063
9838
-17281
4369
-1085
-6533
12890
2225
-1723
11880
18734
3130
-3058
12022
5717
6736
-19588
12723
13400
-1887
14513
20234
11943
21424
4656
-659
3441
-8735
20855
-11596
8744
22004
2944
-4706
10922
-1687
-18803
-14058
21910
-10020
20265
-22123
19852
14251
7749
-19326
14043
16744
16444
-11336
14497
17052
1117
15876
-1757
11595
-16059
7726
-3248
14388
11988
6493
5218
2255
-3806
-9414
2257
2301
5881
-17701
-89
-4437
20828
-3133
-8318
14249
18246
17953
13080
-12548
-20132
21460
5318
-11718
-14601
-9687
-15935
-14994
-13848
5361
506
3916
-621
1853
9560
6398
10076
-19018
-9278
1662
-19799
-13721
-10480
4805
1833
11610
14225
2921
12369
-6806
1255
10154
19373
20607
-6131
-7678
10262
-3698
7524
16370
-16344
17270
-4961
-1180
-4434
6537
-3210
2390
-6395
7317
17031
-2875
16738
-21069
-14274
11675
7354
21255
-15389
-8803
16690
-19491
-15274
-18772
820
-4596
-19454
-14478
-17333
4210
20089
4024
12540
16721
-13998
7367
-21186
-13462
-19690
-14388
7279
-1949
12947
-20133
-5450
-2273
-9369
-2063
-1138
16806
-15918
11171
-9355
20732
11240
7845
-2562
-792
-6165
-3405
11421
-19155
9037
-11436
-20293
-17499
-19012
21954
-5088
-12636
21958
250
21040
7211
-17106
-688
2580
-6283
-20596
-534
9748
21383
17166
15950
-4425
341
-18324
6091
21299
-2992
-1828
-14294
-3436
21048
-16186
11862
-3202
1047
-20732
14576
13915
19458
16006
-18916
21373
-15076
-14642
-7308
298
16782
-21268
-14497
-349
-11772
-370
-9201
-19808
16053
-18326
-14897
-9985
7368
11778
9495
-135
-3171
-20417
9024
18137
-20249
5992
-7878
-13993
-20205
-13974
4911
-5976
18332
-9205
-10268
3587
3670
-2763
-16324
-22192
3459
17400
5340
-15476
17397
-7425
-21768
9477
-9921
-10487
-6456
20930
8598
10555
-11982
7645
3549
20086
-8760
5240
-21569
-20022
8489
18077
16900
8210
12892
-10685
13611
-19467
-4563
-13750
6341
17803
-8643
17414
17769
20235
-3763
-3909
-22201
-14533
5481
6560
-18939
-284
-15472
37
16628
-4491
1584
4026
12693
13674
-16172
-19089
8660
-16170
-12396
9079
16639
16689
8963
-761
10960
-19
-9434
-16158
9041
-824
-8156
-15941
9424
-21401
-21866
-10542
-15124
17443
12508
675
-1633
9674
2421
15648
10100
-21861
11072
-4404
5039
3825
-15470
-13993
-905
15464
-21914
5985
20025
-4571
14751
16134
11000
-19931
-6729
20002
16118
5963
-17668
-4061
-9166
-2798
-19482
15829
14391
-4103
-19334
4713
9726
22211
-18739
-10932
-18101
-8254
-20065
-12528
9476
4443
20114
21230
1173
-14764
15185
3666
19619
-12921
4051
-6421
15248
15139
944
565
2749
14189
-7169
-3482
3734
21674
5265
-1613
-3297
3312
20929
-8256
952
7466
-7736
-7801
1353
-19244
-15743
14306
2925
-6889
-544
13855
-8487
-2537
-18367
13525
1841
21997
-21377
4841
19747
14748
21171
14746
11848
-11312
16065
20401
8813
-8873
4418
12920
1489
5174
9090
4413
882
-1089
-11498
-1526
9643
-4439
16334
-2994
7416
-17670
-3078
-12402
1973
8734
-17646
-11800
13436
-4871
-3995
16097
8796
7374
1963
20473
7941
-6440
3276
-14449
-9248
-15016
-14308
15828
-17694
-20121
-19146
-11514
18610
6585
15975
18034
-15393
9439
-7112
19935
4373
15344
13721
-3793
2882
-10328
20768
11110
13456
14754
10461
-9522
21141
10495
-442
16890
6847
-4019
9939
-14954
20216
-3100
-3972
20392
21790
-1496
12274
-20295
13825
13905
-12308
5670
-532
-18927
-20222
-4461
-5636
-18317
5063
8240
-2495
-15781
20005
-12595
-11305
-16914
-1891
3833
15503
4999
1635
1381
18380
14301
-378
-16593
-18885
4161
8283
-16572
-13391
-8880
11442
20994
11944
-2319
-21591
-13027
20410
237
13917
17092
12052
21900
6875
17048
11698
14855
-1359
-21423
-788
8544
-20436
-6813
-6696
13934
13518
-11114
-2178
2227
-370
14825
14454
-13998
6280
20055
13718
-13178
-2571
11649
5447
-14248
16486
-7413
-19687
17125
2630
5630
-9129
841
6827
12400
14823
-17868
-10392
-3706
