3671
1560
989
9923
1165
5307
5057
3324
7824
5724
7111
1093
4652
7386
8364
4471
2166
7916
9369
6306
4618
5319
6793
7111
5669
2782
3565
5688
1686
5877
2520
5357
8516
4588
6359
9681
974
1415
3004
8798
8218
1193
9891
3949
8579
9334
8420
745
8328
7788
8130
2945
4186
4922
1135
933
8783
4700
7701
468
1655
1299
5826
171
5887
3263
930
6861
4678
5014
6738
2896
6207
7707
6845
5865
7040
5264
7689
5368
4131
5818
9392
9396
740
1605
1407
9523
7385
9108
9992
9040
1485
6896
289
7373
158
1220
5312
5915
6234
2049
9890
3519
9757
6734
9384
7875
3077
7072
4321
8287
2890
3713
8761
4709
5318
167
5310
3781
354
6380
2821
1839
4354
3110
290
5591
5409
5603
1506
2721
8731
1395
6241
9566
9209
6703
8520
3364
3775
2840
2729
7744
7632
1489
3531
4029
1656
9920
7810
3089
6300
630
6008
1732
4820
6298
7324
1307
2979
9909
4029
1710
2382
1348
2354
1590
8051
873
6033
2904
4793
8762
1726
2424
250
5257
6453
2986
5177
5342
6075
2555
5972
3161
4287
1870
9460
2689
4257
2438
2597
8286
5227
4980
712
8661
7649
8763
9534
3682
1667
5405
2443
3393
7830
3773
9730
5361
6759
5985
702
3912
8540
7754
7074
3905
702
7612
6595
4959
1128
270
4323
6356
5250
5035
6095
3978
3798
5628
7660
6544
2112
1181
9937
9942
4954
744
5302
1712
6729
7084
6704
5268
4837
3777
252
5539
2467
7926
1577
3595
8196
5900
9951
4525
2014
7124
8503
5812
3831
7241
3434
5943
8422
3370
5884
3376
4115
2264
6167
1922
9348
2870
8270
4184
7726
8522
802
192
7526
2379
3788
5721
9358
4817
1324
1371
1941
905
8262
5772
8146
1695
1714
6568
6145
8677
1022
1338
940
7189
3260
1367
1138
1529
6630
8864
1129
7432
135
8655
889
3923
4376
1326
9819
6779
2697
2838
7685
2038
8610
5830
3733
1402
3476
9878
78
5577
1215
2098
2766
5555
3465
4983
7084
94
3846
8214
8606
5060
6868
9495
61
2322
820
9881
180
4597
2718
7865
6635
2407
4773
367
3809
9329
1324
3888
4905
3618
7065
8750
9173
529
3732
7336
623
8658
5549
9229
3717
3495
9803
3779
6897
1701
4738
8156
6298
7456
6020
4011
9863
1871
5458
4751
2278
6782
9718
7184
399
6782
5933
651
7311
744
7987
9013
9402
4614
8242
4197
9188
9123
7976
7163
823
3792
5318
8201
1248
2416
2211
2189
4288
7669
6940
6566
4450
6657
4828
5929
3438
1840
7659
1827
2584
5645
840
3064
1337
160
8340
524
361
7395
7688
1184
1186
3005
463
2434
6501
2675
4624
788
343
2642
8433
5873
378
3261
2880
4895
6180
538
6723
8764
7262
8642
2906
8599
9881
1245
201
241
8640
8968
2504
9827
3052
2968
3339
9553
5643
9042
340
7065
1684
9852
4016
2062
3112
7975
6957
9292
9592
4758
9134
6853
3399
3118
6530
3279
4364
7811
4599
4082
6778
7104
4987
9830
71
8327
9382
6793
7368
800
3857
130
652
8953
2192
4843
6927
228
5214
7598
4986
5426
5529
9465
8545
2059
3822
3987
948
8422
8069
7726
6604
3056
8635
6675
2461
9095
4546
9829
974
8403
9960
1626
8434
3230
7548
6440
4537
3840
4037
602
345
9566
66
8890
2703
3888
3955
3651
3388
3102
2456
9992
7237
2169
7745
9698
1263
2290
605
2237
1772
1643
4942
205
5952
3569
7724
489
8488
1760
1091
8833
1326
2236
7722
5108
6124
2755
9839
591
5858
2294
1661
3094
5542
9407
3871
7884
1696
4476
1200
4547
7198
6142
4753
3149
789
2476
3638
9278
5316
5808
8110
7721
8044
6911
2828
5247
9666
2666
5838
6602
6039
7499
775
1580
7984
4646
9465
759
200
664
5306
7398
7885
58
1625
9754
3614
5264
9031
8
1071
7140
7729
194
5129
1635
5441
4795
4302
1278
2475
1419
9856
3250
4079
7840
8975
3543
8599
9175
5286
3904
7651
4249
5042
9277
4002
9735
5619
3032
821
7769
1251
8550
7963
6380
184
4482
2253
5565
5760
4729
6985
6695
9058
1063
5613
8033
5685
5290
8286
2049
272
7016
6298
5314
7371
300
6127
2989
4411
6948
1836
5662
6576
878
3121
7840
5360
6453
3404
2199
1181
1467
8894
1318
3609
5585
9351
9294
874
7636
2421
1146
5730
8720
7540
3100
9020
4745
7168
4509
1693
9005
171
9348
961
4371
7187
6321
823
591
8520
3084
3137
8492
4402
6747
5155
3752
7119
6029
2466
9541
7176
9276
8260
5794
2375
8358
538
9544
2866
3310
9627
4116
2658
587
9566
9845
6908
389
1514
6507
4552
4652
6077
8954
2477
1232
3784
9596
7261
7329
9136
5515
6604
8474
1308
58
7910
2926
9602
1855
6236
9228
7050
8894
9815
6616
8739
7801
8084
1331
4307
2635
5983
1463
2667
8460
2695
7530
9135
1034
4858
9349
7629
2541
7823
15
2599
6811
2941
2200
8666
9178
2506
5716
9150
3399
3410
7888
1199
2572
298
6586
6286
6281
8049
8953
5820
1822
6482
4954
3935
2418
4302
1563
4959
3203
2658
8637
14
5599
1915
9759
5855
4421
6553
5005
7820
9963
3971
9020
3613
4269
5605
9899
1629
4732
8851
7449
6554
6411
3481
488
8830
8862
3131
4867
2065
5789
3504
3158
1387
6498
3995
8322
919
548
3326
9818
1589
8376
9916
5203
2645
5520
5101
4274
1330
3952
2801
7884
1441
6282
9452
1349
6222
2582
6217
9366
8371
799
3602
836
7297
7598
236
9295
8146
3562
9113
9735
3017
9028
4937
5662
5627
38
1014
6957
5069
4894
5920
6510
2254
6450
8939
8476
9032
5155
7842
8481
7033
1443
395
5408
9041
632
4703
8265
5273
4894
8000
8290
5000
4015
5030
626
5132
7123
8663
200
2016
5661
7790
4270
3189
6728
3825
2220
2961
2745
1779
9994
4188
3253
6480
4308
4964
1182
2572
237
7155
1650
9606
2155
5666
5715
3860
797
2837
3601
2077
5933
9262
945
1281
2450
8752
5106
5749
1712
7851
8607
2784
3118
2939
9264
7426
7903
1525
1076
8140
8680
3806
8825
1913
550
4539
5774
1347
7376
453
4503
4387
794
5448
5669
3244
4199
1853
72
6990
9705
9758
9774
3901
2696
116
2405
599
1641
3481
9818
1399
8366
8642
4392
8916
4259
1244
1342
2714
1697
5845
7101
2491
2372
2769
6815
7650
4623
7966
5719
5406
7723
5492
9307
1498
6687
1711
2097
9407
6271
2993
1885
4637
2714
6277
3552
6973
7521
4894
9687
9218
1818
6788
1709
5269
635
8524
2918
6337
6489
8637
2821
5290
5208
2127
6788
2973
4917
9964
2380
2267
4036
4265
7983
6750
541
1534
3722
9141
7508
3409
8358
404
1275
1145
5673
2989
747
9670
9327
8315
8307
2147
3605
4593
5354
1471
7566
1349
2514
1024
3616
6550
5289
1598
3299
6909
4212
8100
6049
2798
2587
5486
3202
3862
6631
9954
6852
8458
9623
7257
6772
9008
482
1455
3600
5836
4006
2245
8265
6520
3269
2959
4148
9638
5637
8526
7625
9849
6625
3674
3725
9213
238
8006
4153
6869
7959
2083
6405
7581
9340
3177
7668
9823
5711
2346
6737
795
4591
6080
8394
8940
9040
2541
9656
4676
1066
7280
5603
8771
2032
9328
7983
2270
8412
2135
218
6370
5298
6623
5029
4637
878
2696
5538
7669
6122
2275
8464
712
9434
6858
730
8473
477
1464
3148
1544
8745
9830
1393
1855
235
9376
4126
8647
2589
4344
6095
7887
966
2203
3603
2924
4899
9141
592
2099
2494
9056
2812
1928
5913
4621
400
6391
7165
4628
9014
5909
4457
406
8843
4693
860
2968
4418
4528
7312
513
2415
9358
2716
7097
2281
8694
6237
2873
793
9811
1928
4684
1738
8921
383
3217
6390
7548
8924
6482
4535
3381
6888
3378
9153
8827
6346
3570
3354
4737
4083
6848
4094
7878
3944
7454
6572
181
326
8444
9992
3333
3127
2808
3332
3510
6025
800
2137
6028
7282
6672
9409
5248
49
9640
5153
6396
3209
8508
2211
8372
5355
6305
7328
378
4837
3899
1638
6242
3421
2708
653
6548
5516
5065
1137
2619
5865
3274
8647
4226
1024
9134
9474
1074
8773
5706
8549
3061
4213
759
2511
646
8143
9839
1024
2979
4817
3741
299
8238
6449
952
5865
3043
6017
8081
5663
2961
1354
5388
7187
3457
5601
7739
4531
4373
3444
4158
8513
7657
4917
1023
9383
4138
862
1485
8196
5679
5227
8495
3916
2754
9448
9781
5798
6543
7861
2539
9504
293
7927
6690
3751
3527
4429
9361
8980
8952
3519
7492
7688
9515
8516
7070
3653
9378
9634
1848
5056
5939
1422
50
8694
1948
9832
4491
8491
8771
7030
9074
143
6035
5763
4973
9563
1270
4333
9621
222
8931
7112
8989
8446
5627
6058
2098
6083
6770
5025
2217
2709
6447
2268
1402
9474
3178
6972
7965
1948
4001
7038
3170
35
3879
8143
676
6229
2476
296
7530
1406
7409
6518
930
4114
3654
4107
1276
423
9133
3493
3132
6658
6840
5613
6132
17
2584
5175
3045
6585
3291
6215
7700
7170
5437
8376
3398
7913
9752
2006
397
8239
8524
1328
3431
2177
5435
4707
2601
5646
9280
6812
3383
7198
2425
593
7216
6088
5768
1339
3752
137
8633
1451
7307
4069
905
1784
3060
656
3790
4537
8895
3393
6944
3405
5570
2378
8112
9250
9104
8470
6062
3565
5668
9566
4158
3962
5653
1004
6380
483
1141
5012
3013
9527
160
3919
1310
4299
5654
6180
8836
5628
9573
5779
9033
6221
9237
8223
5471
8340
6693
1532
2983
3439
2176
7141
7401
8908
8145
3780
9392
364
9871
2404
9891
1109
7402
1201
5409
3056
8460
4244
8684
9111
23
8795
5331
338
7017
801
9757
4788
3412
2739
8227
5588
9880
5627
4496
9103
485
3887
9467
1435
7370
435
2544
4772
1636
7953
7828
1174
3276
7590
284
4378
6384
6695
4716
4479
7496
4472
9268
908
7211
7494
7575
8169
4200
3149
8350
5764
8115
7816
7199
5485
8251
822
256
966
9854
9163
3219
3129
7831
4583
7507
5293
1277
3301
9772
9852
7773
9039
1838
6062
7612
9414
4230
1811
2562
2579
7575
677
1473
5853
7241
803
6675
8576
2848
6528
7738
6067
736
6647
1728
9322
1939
3005
2623
2789
2857
1474
2907
5774
7537
518
5187
1766
3408
8829
5425
982
584
6898
7914
7825
8780
5667
6400
1627
3274
5216
8774
4010
1862
501
4410
4880
3507
8112
8748
7443
9587
1654
3216
7123
2172
9483
9968
6659
9390
6471
7642
9974
4448
6634
7798
3227
2301
5276
4855
5575
491
4707
9585
3432
5208
5073
9391
9794
3185
8138
7236
2771
871
1531
972
4122
2092
2018
781
1481
8490
9502
1454
2937
6135
330
7243
8436
5606
3176
5089
7176
7883
5752
607
3091
825
1076
2884
4010
292
1199
7860
1163
2730
8832
5286
4822
1928
6067
6303
1496
5568
8836
4433
2781
9166
1676
1217
5850
5931
6306
3025
3814
2058
4711
6905
3962
6866
867
7972
7158
2066
6910
8322
5875
6820
3607
696
8748
752
8078
244
7399
7992
5756
179
8236
8511
2475
4085
4442
9861
8189
8256
2997
2899
6239
6959
9765
7106
6009
8002
9173
2918
6323
5047
9738
1008
6823
9564
1760
5979
9808
9159
5050
6643
416
3285
5153
2892
7371
673
2752
6638
8929
5749
616
5167
3786
380
2273
9795
8382
2524
3791
5783
8650
3528
6791
5472
4170
8551
2530
3978
8788
7580
1699
9205
1943
6852
3175
392
7526
5927
7031
7533
2754
7647
2700
7619
9106
6052
8492
8567
9655
2282
4349
8304
6889
2219
4855
1058
1848
8464
6115
636
6043
7814
919
9065
4666
4094
9458
3270
1099
6488
802
4932
4134
4581
2550
4318
1711
1041
2884
1365
3323
8313
748
1290
531
6682
2348
2379
5145
8464
3015
2266
7356
5013
1330
2021
9107
787
6370
1284
8354
8252
6216
2487
2832
8766
7885
5623
885
768
8067
5287
9081
9894
6577
9612
6575
8926
3070
1719
8468
7164
3985
5823
2177
6395
8924
2362
7182
6372
3647
5536
4623
941
9102
8535
786
6986
4157
1671
8834
3302
6959
8993
3196
3535
9684
9771
3539
2753
2569
2006
9917
7633
8909
3172
4027
8911
5535
1209
5282
260
7824
9906
2280
8004
9519
3066
4990
3675
4738
4902
8056
2775
3894
1251
6310
3577
2101
928
7409
4670
4013
7326
3381
2921
497
7409
1831
7111
9697
7114
8450
8599
8098
730
6602
7616
3796
1591
2369
9613
7572
424
2387
1466
2755
9777
6122
5935
704
3531
1683
4717
1935
5064
8718
3511
2472
1627
622
3247
9820
9072
1845
7917
880
8448
6611
4677
1117
58
5368
8690
483
8835
1234
4317
8611
7356
251
393
1965
1934
6189
3900
8077
4906
7412
549
6534
8034
3796
6353
8184
6721
5349
9065
5168
1959
4820
6285
2018
1266
6053
3580
100
7287
8976
9790
4643
305
182
6608
3318
7451
1587
1394
3435
8999
3022
9969
8111
7898
7401
6294
4618
3828
6437
9786
6866
2335
7149
9963
4681
3202
3542
4781
488
3596
5650
6210
3901
6911
3897
7219
4361
5484
9693
7797
4482
2714
8844
2592
611
7323
9965
5229
1150
7481
6093
8017
894
3242
7979
5575
7523
2600
1435
8011
6196
7085
5300
1176
3995
9197
9474
8357
4680
9166
7232
240
2959
6075
3911
3570
4477
3875
9879
5627
2434
7050
4722
3329
291
2701
8904
7814
6380
338
6904
3654
8502
2203
4830
2497
1399
5383
1932
7158
5627
9164
7398
8586
6317
1308
3235
793
6262
4192
7500
8697
1241
2221
2025
1533
6001
2007
425
2380
3425
8408
7114
1926
610
3022
5502
3088
8405
7434
245
5111
6597
8722
4775
3993
1108
8010
5865
7371
2201
3364
6067
4522
6665
9171
6055
3744
2256
7559
7204
6760
5967
4317
9766
7656
7339
5267
744
6823
2701
989
1933
376
790
6708
5448
1898
5797
1313
9269
9077
5756
6414
3598
3499
6663
731
7244
9999
8291
4447
6758
5336
9843
7602
2991
8260
2869
3735
5082
6649
5804
8094
7025
7673
5881
3552
9571
2756
4865
8840
1832
1699
6332
6510
5199
4074
7241
3521
4072
6610
9047
1908
3024
8889
9511
6016
7148
2379
829
3309
106
7712
1402
8210
5384
8362
1761
4955
1117
6626
4873
2950
9405
2283
538
4603
6357
7779
9203
428
5468
8249
3416
8492
7137
2926
4507
5363
6384
6416
8672
6490
4127
1153
4699
9512
9515
6461
5545
632
4165
417
4661
3569
2700
5199
9251
136
2977
8453
564
9524
7780
3980
8016
5995
7985
3601
1358
4368
16
29
1936
5223
2261
7715
4734
1776
4175
1357
2408
9419
1774
8148
4067
5553
3346
4396
5689
7402
3928
7333
6926
1707
2391
4941
7703
376
9621
139
5823
9638
168
8839
4860
2430
6553
672
5285
1806
2029
7693
1224
4882
6919
6370
1513
264
766
7203
7666
4694
5614
5670
7480
8005
1689
6261
9460
1310
6400
5283
947
7648
5200
6886
1156
1752
7558
6441
3558
665
5212
5861
5547
2130
2231
7060
2394
4076
5341
1138
9849
954
6809
7328
8960
9577
3589
9498
886
1067
5859
1833
8715
1058
9798
9871
2810
8434
7390
7447
9099
2601
3308
5724
4731
6618
2784
8204
693
9204
421
541
158
8309
8948
196
7885
3615
9694
8772
4683
5553
1683
3397
6611
1481
4347
500
9915
1736
7947
9014
4338
2333
4737
147
8951
8600
9431
9644
7804
9852
184
9041
8160
9133
315
7123
3826
8
5894
8509
6640
7578
2985
4330
137
7332
4830
51
146
3855
143
5563
6189
5960
6790
5139
5638
6220
5862
4520
7150
7125
3560
6388
7336
3875
3510
1162
4963
9405
9671
2681
8061
3734
7011
8198
1065
2919
9328
2291
6775
9472
7854
2963
5431
5722
9181
1068
1941
5042
5589
9091
2167
227
5478
9503
5182
67
664
1223
9472
1414
3904
8611
5148
915
6808
7293
3834
6135
9584
1687
5606
8516
5729
2115
4238
4910
4263
7258
1030
930
6349
3197
1157
2905
3779
7418
2972
5522
8641
3522
6936
2545
2132
2084
4539
8940
455
9452
6154
1117
1139
2838
9633
6868
6033
4949
1777
295
2207
3887
1225
9635
7084
3461
3618
1941
879
7670
7464
9520
1191
4399
3143
4403
7562
7682
3342
9096
7134
574
212
9352
3413
924
6219
9446
5873
9076
819
9159
2962
3123
8793
1124
6584
3490
3066
8542
1159
529
8062
2350
6007
2283
6753
4648
1044
1174
4822
8178
2827
5035
8608
7319
5959
4826
7843
2910
4980
8662
2069
7942
1784
1940
145
9448
5430
3211
7989
6589
4819
7129
18
1904
9413
7850
7631
456
102
2453
9713
2930
7488
9399
248
4525
4224
9171
7435
283
7832
9504
8225
695
1444
9449
1221
7953
2659
9210
4542
8557
7418
5639
461
7909
3488
8092
9444
4670
544
234
7600
9111
9633
8927
3635
3856
8097
1070
5218
7008
1652
4522
8782
4175
3970
2
2128
6630
9212
7749
6265
7708
3387
6726
5616
7954
5897
5059
2623
7520
5293
1301
6631
4925
228
1344
9861
9404
3493
5078
7490
6225
9600
6271
399
4649
6273
3606
1278
5485
1354
7543
3192
5820
5348
9888
4853
1244
4946
7476
9843
1318
9857
7552
6243
84
8897
7182
566
2389
3339
8057
8614
2938
4327
92
7587
600
3698
9944
7164
6132
8566
1434
3030
4992
1321
7883
7315
7347
6438
7157
8665
6294
4709
5986
7457
4684
3168
8023
7073
6507
7158
6766
523
2564
7937
9190
3164
2713
211
1406
8845
8777
3919
1875
4847
6320
836
2161
3666
7274
397
3409
3567
5106
9395
1023
9790
3641
125
7941
147
8362
5785
1750
925
3721
939
5168
7514
1150
6574
6358
1006
1572
9312
5853
7892
148
9094
2636
7422
9491
6045
2068
5675
6518
4170
5464
159
5374
4483
1385
3736
1347
3135
4661
6147
4074
908
3660
5225
7482
1097
7310
132
408
3162
8024
556
2255
659
9058
1745
7783
2204
7420
4301
7453
3962
5539
2827
9525
6924
7642
871
59
3381
8097
5212
4289
1757
1515
2850
2854
8825
2982
4341
3066
1006
5977
5321
2744
6113
8146
1606
8317
6644
6986
5769
1685
2524
9675
2288
526
7316
3159
585
697
2334
6877
4986
4091
8392
7836
8024
8296
818
2365
1361
2903
8342
7761
6726
5533
6985
8332
3849
3629
5317
696
6393
8920
371
8681
9447
7687
2918
1110
9463
5252
7987
4449
422
7458
3363
9525
5753
5260
2968
7114
9242
2388
5953
5968
7921
2938
4299
1769
7646
695
2466
4038
9615
3916
2718
139
2681
6715
1250
2144
1966
315
7672
3467
7773
2113
2992
4604
8453
5960
2796
7694
8349
8750
3661
6269
1687
9040
9118
9333
813
2662
4449
1506
7657
8246
1646
337
4960
3975
3560
8005
5369
2310
2551
4221
4424
6622
8825
2876
3660
1621
569
3087
1449
5310
9357
4215
5428
9553
4626
6241
3293
9075
7747
949
8399
471
1286
4437
4446
4847
2441
9816
8236
6071
5115
2659
2692
3939
6614
6353
6639
8263
9440
9167
4651
9875
3381
78
505
8007
6319
3798
8160
5144
4747
6558
5616
6034
994
61
1959
4515
955
194
585
6070
3933
4357
1088
1625
709
8806
9888
1227
7973
5617
1102
1353
5695
2686
439
3092
6485
8599
8237
1231
6236
3852
8344
7230
3913
302
2823
5948
1576
3409
3096
6588
7766
4184
8213
9554
4069
9180
780
2041
4796
2961
4473
1570
5648
5991
4662
2132
4590
2898
4442
1904
6750
2786
9134
1742
4167
3036
8769
5743
6445
1864
3409
5289
7128
1622
5921
1196
1880
7780
4316
7755
1820
9868
9325
7468
5859
3987
678
1527
7964
6199
3431
5793
8985
3643
8614
3152
6679
7382
9974
4202
324
3383
569
7452
6084
6490
9727
7964
4270
5121
5718
6090
4989
6122
4636
847
1187
6393
2374
9151
2591
6884
6022
1576
526
4635
5807
8285
2016
6859
2486
2341
241
3056
871
7404
624
1677
6446
4894
6798
3243
2062
1786
9365
6698
3712
551
4169
7165
780
6761
4048
6803
9416
5654
1437
6301
3938
4533
3159
7503
7953
4480
1637
8824
1883
2262
500
9409
8235
7299
2651
297
163
2015
8074
3876
2566
3322
1040
4425
82
5089
1227
576
1821
2665
6877
5759
7198
1114
4340
5150
5594
5978
5052
8557
8240
6632
7965
7553
5009
615
7850
5172
3709
7003
9048
7354
324
1167
1778
1485
6256
3006
3140
8077
5671
16
4914
3947
1130
9254
175
7804
6310
5227
7439
4549
2937
5403
3181
7946
7097
1030
4197
805
9112
3244
8159
514
4411
9937
3078
1745
4021
6218
900
770
6234
6893
4717
8444
7226
5971
7326
3535
2277
4764
9164
5214
1245
2344
3160
9421
4453
8436
225
3565
1679
9463
5158
7170
477
8237
9994
4499
4454
1973
5269
1767
8866
1065
1289
6091
7036
9694
9627
9313
5536
8790
4527
6781
1133
8766
7280
5586
8280
7505
229
9959
8046
6467
8207
9602
4703
9280
4100
235
1252
448
3081
117
1513
5449
6209
9628
5142
6914
8941
1756
6782
4546
8537
7915
4390
6895
4579
2669
5478
5888
3706
3523
2354
2992
3125
8136
2271
8304
9450
3523
8752
3610
3640
1343
9059
927
971
5280
8920
9912
7036
5701
5536
6652
4694
1004
3546
9274
3673
9025
5161
7379
3626
8594
1449
7830
6729
3720
6134
7257
7243
5964
866
1962
7308
1004
3968
9358
6284
2888
347
4398
9668
5883
2128
4362
6887
6754
4714
1638
6857
9875
95
1561
9547
1545
9392
7354
5265
6604
4610
3587
3646
5477
5549
953
7560
595
1389
4922
4562
1736
9320
4230
8698
2527
8592
5584
359
3305
8301
8295
4258
8397
9856
4883
9942
325
2236
6285
8008
7925
9872
1654
4480
6499
2607
2039
7095
5076
6961
2735
6812
7360
6965
5510
9887
6635
2172
1324
1018
473
9619
6355
9949
552
1237
9890
1957
4552
7253
9965
2477
7125
1618
6957
4702
5305
8997
1796
380
7036
5611
7192
4395
2575
3780
5360
289
5953
6684
2386
7505
7381
8742
7453
9013
1057
8421
969
6689
5673
933
9166
3876
2552
7201
8579
7857
7276
1453
8237
4312
7064
6507
8707
718
287
5146
2086
7319
1829
4472
5902
289
4292
3354
9302
5350
2853
270
3117
8526
1203
2282
3481
4834
561
2059
2690
7838
4591
2005
3228
1655
9592
3013
3452
957
8159
5538
8276
1067
9
4177
1356
5381
8610
1736
730
1462
3085
3847
1066
4288
7208
4547
201
8848
7685
3970
7764
2276
5976
991
5010
6646
4005
8462
7603
3242
3999
5878
4309
5087
1133
6744
467
821
8480
2276
2283
1564
7202
4428
6932
5488
8976
8212
4336
6660
2181
3178
14
9236
4170
5024
5881
9254
4564
3483
3574
9642
439
7884
5808
2651
5706
7354
3472
5265
9631
5755
7908
7911
1262
5918
4478
237
4129
9893
7976
6311
3070
9070
5546
7240
5172
1427
7572
9737
5989
1146
9378
6429
108
5185
158
5814
2539
3631
2157
3248
464
65
2237
1726
5983
6715
3042
112
6607
1018
7502
9678
1166
3047
7996
6338
5553
6647
6074
2621
7793
6531
128
8980
2794
286
5872
6412
3917
8030
738
5461
9174
2976
7187
5156
9691
1308
6347
6298
3405
3848
7054
4571
6896
6128
908
3527
2774
8062
6148
1645
4592
6276
624
7386
7642
7576
4877
1558
5605
5615
8098
5857
8591
5285
1012
9361
6593
7360
5658
9998
1207
3790
5647
9182
9918
6555
3788
2692
4616
9936
5416
286
7291
6041
8752
4932
3616
3628
7569
299
321
5667
6156
8913
2030
8247
8273
9702
6685
5009
777
8972
9878
6424
8153
9795
4057
3019
3565
9753
4034
8982
38
1324
6101
9869
7335
795
3496
5982
2173
3818
2727
8329
3809
5836
7654
3160
5537
4339
8169
7393
3310
8046
4895
2541
8919
8953
5561
2484
8705
9595
2544
9822
1997
8645
9691
410
9440
4265
7471
1612
9162
198
1019
2970
6034
8673
6130
2650
4090
5377
42
8479
4501
4938
1020
3420
4969
7660
6983
3673
8333
605
4573
1408
9250
5342
1818
9768
9608
9289
2458
8769
565
3477
2818
6600
3228
26
9250
8398
6483
370
6876
983
5308
7896
5482
276
6634
3543
5028
4966
4148
9602
6374
4476
4943
9271
4243
5629
9639
7780
5477
203
2335
9374
6803
6643
478
7131
5040
6961
7502
1915
9024
3888
890
5584
5244
8603
9128
271
3569
4354
951
1021
8831
6974
1371
4152
3681
1009
1932
9158
1212
4267
9610
9095
909
88
7304
7028
7049
4805
22
6072
9773
912
2735
5016
593
1862
6366
4162
6216
8397
6263
6125
5370
7634
277
129
9722
2209
366
933
7555
9976
1106
9544
63
8411
6571
7113
4294
6593
4263
4066
8584
6998
9082
9178
9939
5448
4418
7234
3844
680
3358
292
9393
4714
421
9114
8002
787
1126
5557
1842
3311
6179
1905
1721
2749
96
6016
421
4360
1160
9005
2436
242
9261
3454
6769
3679
687
1691
5438
5124
3062
4831
9839
4562
5023
7840
6429
6149
4475
8271
9461
653
175
2260
4482
272
9355
4903
5711
515
4986
9226
1836
4247
2679
9684
7926
4445
1374
3363
648
5515
9273
486
76
4296
9405
7584
1523
3880
5854
2062
5612
7109
4323
93
7381
4756
6075
4170
5271
1061
4474
8186
5308
8233
7869
4312
2677
321
7675
4404
5836
6948
4890
6992
2322
5374
4575
3845
332
1508
5908
5944
8617
1309
7117
7076
6065
3191
1245
2415
5331
6798
600
1717
5030
9549
6029
8787
9870
4783
3190
6785
1730
9160
4855
4052
4533
9430
8976
4865
937
4883
1887
9554
6192
9004
6629
3336
3274
8953
5751
8605
6830
6351
322
1859
6978
7430
1724
6848
2212
4915
4711
3942
5153
9566
9073
9686
8995
9128
5629
1011
4010
7516
1643
1281
6520
9352
4617
9794
9383
1446
9477
6212
8876
877
9151
5854
8308
874
3780
519
6868
8491
5541
2020
8056
5692
1705
8129
4819
7334
218
9909
5929
1862
2268
2448
1213
7964
3320
595
9410
3875
7887
8285
5832
7037
5217
4139
7911
8997
5737
5858
7487
2356
7878
5542
9128
662
4750
5025
9075
4968
6012
5003
6830
8280
8530
9122
6243
1849
796
6731
6804
8683
6095
2635
6798
1311
6774
5787
308
3589
1644
7795
7025
9523
4416
6152
1263
9166
2255
337
5212
8268
5341
2042
7626
3870
2242
3869
6799
3038
1678
3602
2799
7773
6237
9597
9085
4089
6463
9393
8757
8107
8266
5781
8708
2681
3011
9971
2925
6346
1387
8138
4613
6728
1258
2238
1676
3500
7186
8475
7618
9944
3155
416
7716
470
1092
6800
5638
8634
7271
4395
6740
5537
1254
6527
9297
5345
7576
3301
1690
8963
1438
7382
5690
3775
698
8446
7275
7885
7999
5971
8907
1154
7467
6622
1624
9638
4501
8342
8271
2850
2736
6089
9466
3990
2615
8763
9335
191
2063
2103
232
4580
9485
5923
8355
183
5447
6708
9147
3445
2679
8053
5678
1224
4674
8382
861
253
6723
9132
3104
9459
5220
2569
4527
8915
2410
4941
184
5552
7044
416
1210
6529
7418
9565
7791
2864
7352
6937
7389
1109
4989
3066
2333
741
1447
3194
2074
8170
3404
5178
7628
8624
8826
2155
8617
2315
8175
8801
7867
5218
296
9078
2825
7714
9721
615
1657
7072
7552
9046
9260
3619
2111
2671
4361
3559
5865
7514
1728
9269
2691
435
8972
2595
3669
7588
4910
1843
7468
3856
7061
7764
2933
9887
6556
3732
501
8213
1883
9133
7258
1142
2751
9370
3814
8191
4007
757
5704
5735
1105
9474
7249
76
2069
917
8743
8058
2760
7289
1913
900
5052
5925
786
1608
9658
2366
9821
1540
2577
8158
2682
5329
8606
7575
3519
2612
8333
302
9426
9438
9776
6675
592
2923
8671
413
981
1431
7703
3973
2331
2754
9899
4196
5441
9556
7641
6341
1095
218
5577
4856
6626
4182
3510
1223
7873
1842
1525
7298
2358
2380
5051
4029
5303
4801
4442
7363
6232
2144
1336
9642
5978
2313
4916
2497
1868
3635
9917
4042
4932
5493
9977
1557
9675
3486
2781
8626
6407
5385
7003
9844
7765
2053
3872
4147
7933
9394
2588
4164
1537
5003
4884
8594
7316
878
2170
9184
4514
2086
4304
9446
7580
5360
2082
8333
8846
5942
6959
6332
1326
3961
6175
170
7093
1126
5396
5026
519
7984
268
3135
2987
5153
1729
1381
7110
3899
1644
1623
7064
5948
2148
4643
1307
4230
4055
1232
171
1013
7564
2576
6053
4817
3825
3145
5943
9221
9250
6462
8284
9519
9598
2349
5750
2405
3730
2859
7383
5374
5562
4446
1322
7710
168
3708
1939
4223
6019
3189
6315
3582
5765
2367
9479
9591
6591
5421
9890
5841
2962
8173
6438
3638
521
3266
6043
5331
6125
4504
704
2765
28
3105
474
196
7893
3492
4419
3911
6681
733
7494
2446
4179
8051
2036
770
3471
1925
7690
6433
1177
4127
70
2777
7393
7192
8108
4596
1695
8813
7362
1724
2996
8915
2999
888
2407
8498
4800
9088
309
3372
1533
4489
1422
4648
5259
4893
7653
2948
2405
9909
8154
3554
2685
6625
746
793
1220
3520
684
9661
6323
3680
8576
401
4569
982
8899
447
1148
9208
3819
3761
3696
6320
8409
33
1212
7140
4060
4696
8127
2213
9330
812
8838
1154
2684
1137
4674
3368
1876
2076
8127
451
2477
3774
2512
2454
4221
4740
1661
9119
8501
5358
5438
7988
6470
7730
6207
530
3504
4333
3822
2833
5145
3739
3987
8908
4876
9741
3354
7831
1816
1481
9362
5372
6334
1873
7826
1634
7692
9487
752
6192
5923
7270
4180
2393
4999
386
4002
8503
4719
7824
2415
943
1562
6402
9851
7517
6142
3205
5348
9037
5765
4709
5487
2098
7661
3312
3732
5353
3878
5564
2623
879
2833
6803
4351
8911
8268
8353
8492
4066
7256
906
6088
9897
7309
7017
7414
4529
221
3840
3566
7065
9628
9053
9164
8367
3444
3974
4798
8401
9538
7422
9280
2370
5303
4710
1280
4650
3062
9773
9795
1396
678
5882
1293
9066
2898
8707
3595
4199
3625
8240
1263
3252
8371
1505
2697
1814
5480
7496
214
5017
5996
573
8467
1298
5283
9747
7027
9424
597
6821
820
2355
2702
2113
1420
6680
1898
6094
878
5523
4333
2141
9854
2704
3647
2550
5597
9127
1124
6891
5222
7120
7464
3688
9498
3825
4514
6524
3248
5111
3345
5147
7466
7126
7260
9966
3805
236
7138
4683
6838
1471
7904
6691
5254
1550
320
1929
1755
2523
8820
8056
9644
7362
2823
219
1186
7337
6743
5514
3526
1166
660
2071
8293
9000
2036
2097
9236
9174
7860
7153
1723
5763
3843
8056
8392
5242
9986
146
7766
8805
9281
7409
7246
2103
8707
8432
9440
5449
5024
2966
6616
5685
6116
5987
5763
8152
8084
6077
8404
5943
3229
1206
2784
8152
340
1175
3393
325
2400
1158
209
1681
9646
8534
3784
8352
6965
3224
4880
1989
7269
2574
8753
3384
8561
4515
2614
6644
1670
2096
3666
4900
4381
6450
3051
4722
8705
7523
6126
1104
8682
7414
2785
9406
5947
6570
8837
3991
872
3716
7059
9220
6290
5811
3682
4850
1404
7375
2572
3074
9471
7317
9053
4931
4846
3182
731
3550
705
7936
4654
465
6429
8519
949
3454
5088
9786
7445
7039
3501
4503
7337
869
1392
1018
5719
2796
8393
9371
6950
8942
7766
6002
4951
2611
263
5682
7240
968
3618
2973
2512
1125
1491
3461
4579
7658
3247
2024
5775
7827
7606
3111
8697
8999
4129
5494
1794
3600
5943
9823
2541
3709
5825
7493
7399
6088
4253
4639
8135
8950
8691
646
74
1260
4107
4654
8918
8433
6678
4692
6260
4283
8882
4956
3281
3010
1528
6155
7689
7472
5977
229
1180
2880
8801
8579
46
3054
4296
9260
2003
4065
9906
2078
5325
5092
6732
4242
4603
4488
12
862
9850
8894
6897
4210
2982
8426
364
670
6976
7420
1979
8156
1379
1858
7813
1425
4912
3188
685
7995
7253
1669
1151
2578
7840
8962
7899
2443
3449
8991
3305
3298
7884
1281
8587
1945
9707
8951
3694
6682
7450
6752
5916
8829
8611
4807
1332
3522
7995
2017
2595
6327
4766
3746
8905
2605
2707
7882
5048
7235
6872
9433
1612
5835
713
198
8859
1498
228
2552
9259
8757
9305
6253
7585
7915
1059
9996
2515
133
3092
5111
6460
7858
9936
6443
462
3722
4324
6590
956
2275
6022
3647
8110
7814
4925
6968
9312
5153
598
9649
3909
981
5901
2572
8896
8039
3646
2490
8172
6738
7601
4631
4595
8615
2152
6137
2336
7556
2726
4372
9831
9827
9098
9019
7640
4022
7065
8030
253
7663
7678
5241
9724
4657
7813
8619
2695
1459
1108
867
9276
9788
6577
3871
9482
8730
7
1817
7364
3812
7268
7194
3638
6366
7291
1277
387
4355
385
641
3096
8063
5882
2819
2719
4774
2517
6493
7312
4704
7360
6587
5571
5016
1536
5052
3745
2622
7948
1108
6434
5216
9381
71
2660
6671
2427
4126
2104
2812
5846
5200
1953
2807
9099
5751
8660
1615
2244
5971
6319
682
3636
1889
5698
6252
8020
521
8874
5968
1629
5308
2262
2088
6458
4922
9838
8886
9048
1941
2776
5973
8221
4730
8780
7319
480
7439
8934
2724
4488
6331
4486
9203
9300
183
5454
7319
705
4328
3286
3413
714
6627
5502
7172
1548
5339
7136
1675
7281
9913
7648
5501
4642
7506
3898
6201
4944
3910
4
510
240
4490
9713
618
4673
5167
7938
5378
9495
2302
8792
208
8930
5372
8459
1556
710
5595
3231
9070
5507
1957
5649
1227
9463
9547
7428
5485
4535
7432
5995
5855
1921
5708
6473
7674
1953
5489
3051
1447
7792
2921
2734
7800
8293
1192
434
82
7866
3666
9152
3372
6702
5880
5678
7244
5426
3106
3807
1040
1616
9803
6895
4617
6589
3367
2290
8542
8857
6420
1067
7727
9342
3801
6605
7634
6072
7039
7716
5017
1783
7947
9468
9565
3826
5146
6808
330
8252
614
1370
946
1495
8265
5563
8084
2711
7853
7704
2646
4273
8771
1451
4693
3650
8056
3405
801
6173
2200
5818
7957
146
5285
7521
5051
430
5407
6460
9761
6021
8910
707
8596
8253
6270
6679
963
5202
4383
3609
553
4232
6139
5246
7883
4194
8651
8684
367
1929
4501
9403
3154
864
8002
8205
1295
3408
4665
2134
507
4653
2841
9103
2905
190
6861
3869
5392
2322
8557
5945
6554
4696
2269
4436
9969
919
4198
1414
3928
9778
816
7082
642
9897
5287
3016
4383
1030
5150
4891
5683
9071
5072
8588
9261
3011
3535
4652
5333
3171
1675
1887
7867
3944
7402
8914
5942
1600
328
9870
1377
2223
6952
2019
2120
3317
5035
7582
5426
1264
3551
2187
334
8624
1853
9595
1634
5389
5325
8047
8560
7000
9934
7505
2022
7335
7497
7964
13
7825
7834
1391
1127
5864
4489
4326
259
603
1907
5685
1867
5459
8951
3280
4082
803
2874
6795
6192
9278
5920
5830
6277
5853
4413
8299
4267
2989
7341
4280
813
6253
6750
3019
2116
1239
7345
3454
1842
9253
9139
3709
4711
8089
6989
9872
9972
941
7745
7242
218
3665
3072
7574
596
8564
6951
4863
1552
4291
222
3445
544
6972
6464
3739
8211
4888
7194
1131
4140
7411
5919
9930
6579
2907
9801
6550
4927
8624
3791
6224
2288
7942
4876
3964
7585
1826
9906
215
7197
127
3660
8820
8179
1203
3637
7468
6091
830
8600
1309
9321
4518
1238
6978
8505
2117
4606
4510
740
9476
734
4108
7418
6689
9151
6081
8516
9056
6296
6791
262
1035
5610
8441
3317
9247
6987
486
1156
6665
1795
1555
2262
3033
8533
766
6229
4217
6355
8048
3692
8168
3234
1109
4857
2384
8269
4451
1440
5644
1241
1702
6679
7930
1221
1074
8255
9287
1560
9411
5952
3355
2044
8214
7467
1655
58
3695
5872
7492
1742
9565
5660
6056
1752
516
8440
21
4967
9880
5665
6208
2660
3422
5216
4960
4496
3470
5326
6056
3960
2356
489
6004
569
7956
7660
1706
2729
3531
9198
5550
3095
4857
1605
5927
6452
1124
5948
1418
2082
2691
8705
4743
7192
3920
781
1687
7391
7186
8822
1350
9542
389
8433
1189
9424
6092
3974
2152
702
3172
8781
4876
9108
1465
802
5560
2589
7829
8057
4671
1598
7841
492
8790
2839
2353
1555
1308
9539
376
3737
9081
1844
2170
1348
1267
8262
5323
4498
42
8495
3279
4919
8681
5823
5721
5319
8412
3550
4455
4161
5148
2295
4654
5017
5134
7007
6572
6443
7624
8028
1258
7783
9872
3428
9132
1139
2769
4454
5637
2811
4027
9995
7730
2707
5817
4530
9106
5307
8080
3560
9469
4306
6934
4122
401
3146
2207
6974
667
9831
5001
1926
7614
4872
5354
6745
6011
9202
1198
2727
2013
6304
2721
821
9011
9618
5351
9195
4924
4509
3833
4392
9895
1845
8514
295
4992
1799
7269
6738
1630
2269
8664
322
8221
5097
8146
5310
4298
9344
8037
7390
5647
1837
8212
5736
1454
3562
6010
6378
9151
9843
770
9045
2767
362
9340
7759
2162
7688
5575
4871
9957
4239
6272
9256
414
4417
4566
5791
4839
2602
3181
1564
4439
1392
7300
5893
6033
4388
3350
6262
5310
5199
5306
8077
5561
4646
6914
8802
3412
2488
4751
3368
7806
1022
2624
8220
5439
8269
4011
277
870
8271
1841
6389
741
220
3360
6774
5687
6710
3036
996
2987
9421
151
8549
5145
7065
8429
8557
9554
4259
3004
8438
5281
6707
6658
1799
4975
1747
3155
6924
17
6076
3312
758
7375
7752
8611
3061
5540
2725
4058
8528
3225
4209
8155
8370
2353
6583
6927
2985
1920
9931
1422
7202
7716
8080
79
2690
905
4313
9614
922
388
4005
2759
7763
1756
1370
824
7296
5174
5961
5823
8399
1248
3977
7848
3601
1639
4774
6586
3559
5783
9088
1839
3498
7167
2997
7267
9152
7311
7959
73
7699
1963
3912
6541
4798
6361
8444
2094
1534
4404
8996
1012
6731
4052
8860
1411
6770
4712
9076
328
494
8163
3247
5071
6409
6244
3416
5560
4633
1374
5633
3411
3338
9545
9952
8136
5905
8395
1308
8519
3877
1383
9531
607
5435
9469
2018
2204
4180
1094
3611
5753
335
7937
823
6744
5260
4239
2303
9893
6692
9016
4382
29
9639
4333
9245
6623
3806
552
5141
7683
3014
5750
9370
8449
6297
2466
1731
476
4639
6422
6229
4975
5437
8131
1718
696
3448
5101
1668
139
5195
6050
1248
4833
1462
492
2534
5268
2123
8754
4030
5138
4503
3399
4665
1878
5865
7476
2354
504
3897
9662
6558
412
8871
9355
1109
2318
5534
3856
3537
728
9906
4785
5562
2446
6356
9175
7715
8479
7929
1744
4695
3510
5143
9361
5389
2086
6836
7743
3669
1811
8484
1305
3302
7354
660
4411
9673
6194
9346
4288
6923
330
9073
3563
2776
5428
2737
490
4985
665
3313
759
4176
9535
119
643
1621
8034
8386
6369
923
7948
7675
4225
5302
9414
9716
6053
5607
9061
340
3608
9391
491
8250
3246
6998
987
3736
3061
2731
8129
3820
7986
7663
3939
8629
362
3051
8094
7811
5053
6041
5485
9279
2421
5977
72
8474
1583
9133
9893
6271
9603
383
4520
2848
8460
6586
7663
1521
396
6870
5341
8382
4533
359
8090
5974
4489
7262
3784
9543
3302
9269
9900
5724
5245
9972
5276
7908
182
5169
5257
863
6631
9777
4790
5091
7442
3532
7691
8917
401
3031
8377
6013
4469
6466
1987
8959
3727
5771
9580
8109
6119
9479
4911
2442
528
186
1428
1789
5355
6685
3732
3065
7541
8522
8156
6061
3132
5846
4977
3534
9956
3353
625
5504
898
2612
5541
4625
9463
5120
3812
5581
5677
8723
9102
7284
8910
530
9073
5343
8294
2804
8408
5834
2405
7642
1894
5537
4566
7950
149
5601
1303
775
1104
2201
3387
6645
7905
3928
1764
1717
9509
8520
439
9690
5803
427
219
5954
5771
8513
9838
5257
5426
3321
2899
8399
8858
7465
6349
86
3065
8731
861
5248
2010
5327
1892
9915
9256
4735
2710
9843
3254
4229
9532
135
4656
829
7169
426
421
7006
6763
6926
326
9662
5324
262
8205
2751
348
2349
1481
2288
7597
4570
7616
9490
4485
7950
5303
8274
7792
8558
2502
8403
9772
7159
9232
6940
8664
731
5024
5426
7657
6429
6166
2981
7771
4371
6811
8119
7799
9372
407
5395
3941
9102
5963
9505
7051
2345
7779
5921
902
1359
4323
1752
8518
4634
9772
8261
5365
4795
4765
4101
2303
931
7082
73
6381
4971
9271
5258
4342
756
1731
8284
9858
7695
8867
6908
39
7724
3908
2020
9084
8231
4851
8680
3943
4622
6940
9309
496
2784
3409
3878
4794
1569
3951
1174
6540
3221
7511
1961
3978
9242
1323
4914
6936
189
2901
8054
7914
6809
1152
8076
5039
6004
6755
8983
1704
4774
9370
3279
7558
3857
7157
2351
6505
1107
4604
4123
5408
2114
6084
464
1355
8486
5378
9371
8676
8279
8503
7668
5087
9656
5743
1205
6738
3576
1266
9521
8350
1714
2800
6986
5571
9957
415
3154
2143
6098
8356
7551
9291
4440
9094
1725
2925
5550
2174
2679
4908
676
346
1073
1410
7168
2278
9227
744
4623
8748
172
6337
1547
7159
2986
2582
8653
6140
4725
4751
4496
3354
4041
14
3526
5766
4018
9077
7940
7777
3984
9696
9202
5057
2184
6370
8415
1411
8193
3037
158
8365
9375
2784
6602
2360
6445
5255
9580
1170
5
5154
5603
5125
5168
9130
1970
264
8206
988
8041
2189
683
7243
8325
2868
4691
6739
4279
2883
9777
5516
2326
9151
9379
8929
2589
5823
4183
3247
8072
4188
8401
3675
391
4647
2804
2361
4912
2088
3350
4031
5356
5112
2352
3680
7980
7043
1498
3337
1004
1274
9932
3331
1503
9310
2259
5171
6212
6442
8419
4283
1708
6819
9037
2099
2545
2919
5540
7457
5007
8890
2566
362
5080
4919
5122
3060
1961
6620
7476
2966
8973
7408
7376
1554
7796
9635
6725
4007
7155
5143
9370
8863
3041
9485
2040
5586
2404
8659
4121
8490
7548
6687
8853
2628
2684
5053
6767
4646
2751
4242
8691
1723
2728
6066
4356
1603
6779
1080
5610
3933
7303
6058
2795
1422
5543
5914
8087
9026
4573
2207
7515
3199
9973
7446
6906
2657
2498
4751
8382
6328
72
8151
9130
2800
5295
3485
4403
2073
4566
1092
7085
2947
8229
958
4369
4850
6872
2455
3875
2523
5741
2469
5723
5713
9915
3707
9449
3492
8459
8909
9820
9610
7059
8950
2409
3432
2434
7892
5505
8079
62
2589
1025
9370
3547
6473
4220
1498
6
9174
4021
5747
1642
822
2539
2636
5609
1987
6128
5146
1975
7026
4755
9034
7054
8243
3545
567
7213
9050
8646
7275
2718
750
6645
7344
8302
1943
9921
8309
1116
5021
5134
3838
5843
7673
6474
2530
739
3680
7676
2714
1784
2430
2826
8839
1752
6371
9406
8965
6500
9130
6240
296
958
3963
7640
9261
5906
8640
8648
8101
3660
3781
3017
581
1454
9491
3112
3272
4249
1866
5986
7113
5376
9891
5951
7128
6262
6435
6092
3840
6643
3410
4136
7602
7373
2854
7941
4357
1493
6588
2458
6232
1447
6554
6814
2901
7124
1004
7252
1372
2870
3237
8485
8246
4207
5514
5373
468
3027
2544
5387
9671
5954
9523
8351
4406
2376
7370
8763
4949
3957
2299
1180
6483
8854
9073
9385
5977
76
7715
8428
2947
952
7992
2271
5159
4584
8724
6706
7612
1267
2092
8361
8300
2693
6711
2705
6148
4080
2547
1096
9116
5925
3356
5598
5857
2428
6061
2912
3584
3776
2419
7610
5807
410
9881
2044
6073
8604
9829
4763
949
1920
3123
9250
5692
912
1954
1839
4992
5580
4015
5186
2584
8450
1863
8441
1956
9003
2432
5540
2778
4851
3149
9664
6340
3030
1707
2412
2712
1535
7176
3662
4534
298
2911
225
1211
5944
3144
7282
1524
7159
3547
4108
6687
5410
3627
8643
4412
6059
4183
8270
909
8411
7933
8328
1440
719
740
5232
3333
8995
8894
7868
371
2883
9172
1582
8827
3394
9944
1429
552
3490
6616
7239
9979
1322
6961
4390
7381
1143
3738
9370
9554
1671
7697
2073
2390
9516
8384
6802
8510
7277
4669
8882
159
4920
1542
64
8314
1485
2573
9946
6054
9189
8263
7111
510
5223
1501
8971
7445
5239
8340
6999
7989
7115
150
1457
6631
8534
8260
5140
6889
4007
4021
8127
8927
6643
8191
8320
9207
763
9344
5261
1031
7606
3450
1541
3908
6030
1590
1352
1269
9930
9430
336
8124
658
1794
4754
9192
1132
972
7159
5139
6073
5285
5145
2715
3476
4543
1921
5318
3886
8261
6349
2570
1711
8970
6478
7741
559
7831
88
1568
8339
1504
770
8998
4377
5524
9268
5509
7575
6427
1726
3647
1711
7950
7441
6266
2492
9363
2663
6378
8702
90
8949
1491
9060
6505
9233
698
4335
399
3345
3753
1903
4115
2750
7359
717
2017
2867
8292
8444
5673
3018
1234
3622
458
8579
6115
9821
1241
3571
9602
1332
3598
1092
1470
103
1403
2168
5517
1803
6592
9270
4785
1785
3098
2144
2502
5116
6090
1873
4638
1762
4891
5872
6464
5349
4451
3657
6249
6771
7228
5850
8103
826
6942
9574
2008
8346
2820
8604
1227
491
7874
6012
2276
971
9235
4779
7166
6404
6652
1804
9245
2621
8755
5708
7970
4284
9365
4218
1055
7672
1146
236
9577
9168
888
1584
7513
4788
187
9819
5279
9140
6909
7555
111
6144
3412
8356
3626
1142
159
2870
3763
9994
9658
1733
4277
100
7030
6411
7772
9256
7727
8427
8423
8615
10
5935
3402
1277
6832
9760
1495
3740
7315
2685
962
1805
1041
4588
2948
1200
8538
6711
2272
9274
9523
6550
9374
7632
4039
8225
6887
1765
6651
5309
380
7741
2322
4861
9018
9154
5700
1591
2893
4093
4277
3856
5898
5318
9523
8846
7597
8060
6636
9870
8412
6158
7498
7786
3789
1536
7089
675
3302
3739
7063
4761
1479
463
700
1575
9617
6400
3167
3589
492
7444
8524
7470
3840
8046
6315
1436
7185
2950
1305
5596
187
8803
4460
3976
1418
1548
5731
5799
6367
3872
559
7846
4336
2338
500
3952
9818
4746
8620
309
3268
7143
7779
7108
6268
5173
8544
4531
9202
928
1205
9389
809
6745
4444
2227
8293
174
8026
4659
4046
9664
3584
9461
3081
5163
3413
2898
987
3111
3207
4255
254
2065
2441
7601
8317
2063
3210
7518
2991
4415
6907
3801
1159
1350
7107
531
2603
6212
6269
7728
5875
931
7189
8956
6094
1680
2932
8160
4791
6140
2414
6124
9284
4855
4803
7600
6919
8013
6196
988
3507
4181
5868
5745
5531
2975
7355
9213
9187
3624
8020
6140
5634
6287
6175
2807
9046
9107
966
3836
6325
3381
1039
6687
9315
6921
5365
7312
6013
1561
8301
9520
5742
5247
6343
2352
8222
3698
2643
8487
8401
662
5706
4034
8028
2959
6841
7073
3144
7808
1988
9470
2267
4106
7235
2660
1026
2600
9973
7039
5240
9352
7637
2060
4598
3980
5491
3899
8757
9214
3464
7157
954
248
2269
8983
3207
9111
6055
6352
7997
8043
6900
1342
2148
4134
4002
4254
7813
5053
2371
4131
4404
1087
7271
81
5067
2761
5059
4902
1974
8523
2058
4008
9851
5406
2990
3057
4516
123
487
3591
8167
7387
4933
1393
2600
8936
6726
1491
3988
9098
6702
9472
184
3972
631
6330
7812
5690
1231
865
5291
4368
4873
6220
9774
7863
9278
5369
7986
843
8960
7231
9310
4972
9704
1909
4986
6429
4479
52
6605
1180
9524
7868
5152
1233
4197
2964
8002
6507
3829
4372
1953
9781
591
2806
7643
947
9254
6707
1791
9292
5017
1100
4263
4720
4088
9249
2227
8567
9302
9912
826
9904
7779
7057
2216
3055
20
217
640
4928
5668
3673
4708
6260
6479
3429
8286
6811
1215
76
6102
6232
2255
1444
2030
6343
1771
4257
5989
2151
4168
6815
3134
3026
3871
5350
6081
4971
6646
6721
977
2314
393
6765
9653
7951
1272
9017
4761
2487
9094
1942
9798
2427
4465
1827
8771
6236
7164
5838
9467
1331
3731
2600
5436
7602
9029
1516
3651
5674
8238
5708
9067
9710
2472
9798
7661
3744
8815
3500
7311
8987
6521
7108
2492
985
8936
1262
8301
6099
8179
8846
8509
1909
1445
3945
590
1552
6540
4241
8305
5856
9949
7372
5566
3499
8248
4305
8323
8141
8884
5633
8206
5405
3819
698
7469
2754
3039
6848
9932
1218
5693
9520
3127
8217
4543
3717
9769
1082
9038
8074
6939
64
6524
3583
3564
4771
7888
1886
3991
7850
8598
2196
3254
2416
3973
723
6250
7013
8650
6181
8231
4343
6779
2436
2559
1321
7233
2328
3483
7349
401
1500
7413
8004
5083
976
3853
4049
3941
7844
1898
2538
1119
6232
6034
5092
8034
2283
2104
6683
9543
1413
1025
6322
4929
3585
8722
2161
6992
3283
9510
8472
4783
8001
6475
944
8978
327
6072
3997
9251
7971
7615
369
5281
3648
5461
3314
5931
8645
9997
5473
57
2101
2873
6065
6765
1595
9305
4835
4878
9893
3306
740
7894
859
1684
7950
2265
7757
1946
1515
6806
639
2963
3165
4287
8425
6479
1296
8148
7554
6770
9284
733
9643
5349
7498
2316
4653
2332
8274
4546
6717
9014
3518
7576
697
1467
9842
9533
4492
2435
7417
5132
5399
581
9419
4902
7060
715
3049
5693
8564
2332
6426
9285
8760
5003
2680
3413
7335
953
9038
4052
9967
2555
2706
1742
5101
2547
2354
9593
6062
9771
4724
1460
352
5222
7441
8491
7016
489
4183
6658
3900
1688
5942
2660
6691
8622
7152
5104
653
7268
9156
619
9823
2941
3441
4923
6567
5795
4515
2628
5565
318
5167
5917
6619
2607
5487
3634
4175
748
291
8076
2436
7312
1814
205
5934
44
5310
6587
7312
5544
8286
7134
8485
1726
3135
5052
8600
8729
8759
4164
9047
3926
1160
5665
6533
6647
377
1787
8474
668
941
910
7981
3834
2194
4993
3878
7504
2658
1189
4127
2022
9402
2611
3748
2536
8742
2347
1264
7501
7591
1390
1426
8751
8134
9038
6476
8512
1903
4949
258
2844
6938
9318
6678
9133
4310
1634
7715
8048
2823
2920
69
2224
5532
4897
5839
5352
8323
8183
2852
5913
651
5357
5742
8785
5474
3296
8375
8456
8246
8634
1300
6262
9030
9057
5394
4419
691
4188
2466
4593
7108
3614
6818
3718
8511
3735
149
7913
1917
3001
3825
3647
9438
646
2432
5990
3942
1885
4445
3266
1597
6824
9529
627
5881
6001
5046
7651
1267
7512
2243
8376
1125
139
3172
715
3875
3321
8628
6871
7402
3531
518
6839
4177
4029
3907
9199
5914
9431
2464
7512
6255
3071
8139
2135
9073
4263
864
339
2853
3107
9794
3978
3247
2966
5772
8201
7366
4399
5071
4767
7931
6668
2684
3186
696
6591
3463
7690
6022
5928
6280
2276
77
5497
5490
9150
9760
7433
568
2612
539
1440
7669
4865
5485
3441
3065
2851
8919
9216
7618
7928
6962
302
2193
8738
7972
5656
7506
3993
1583
3785
7348
2740
9282
3916
2968
119
1348
3536
3810
2967
6056
1478
8911
1540
5998
3055
4391
5996
3349
3088
3923
310
3390
6116
126
1361
1772
7632
6434
4434
1416
4860
7174
1776
9856
142
2974
2282
4757
6784
6328
1891
8263
5239
3432
5339
8294
8902
1334
1642
1989
5258
3031
6458
2452
3158
8899
5303
1868
6411
9738
4364
1270
7990
6140
2204
9211
9115
5566
5047
5898
1893
6938
5239
7132
1448
578
6504
350
1912
8146
3418
8249
2256
9877
701
5414
9854
6004
8361
6264
6820
2724
8613
4810
8865
817
5099
9058
6383
145
6034
9355
8163
1273
6487
9611
2930
2990
1039
5921
2215
4458
4170
5550
5413
5950
963
5266
3032
402
2608
9853
3127
1220
5741
1991
3116
1918
2127
577
2064
8161
9933
1305
512
7498
915
4521
1566
3034
442
3781
7492
5691
9331
3983
1640
1372
327
5751
1775
4014
5603
4902
5234
2422
7972
9430
4341
1177
6
7484
9338
1017
8789
929
8515
9704
5450
81
3816
6971
4941
1307
2661
5351
6369
5380
7802
7775
1131
655
1788
7813
6636
8102
1314
4607
7531
5655
6863
8616
3138
6201
712
3005
8209
9227
3787
4737
386
7604
1708
6407
9990
5448
1757
6359
828
637
5212
3038
1293
7001
1929
7929
5102
3243
3615
3711
8898
477
3405
3114
7757
4117
6119
5965
3344
985
702
4809
8589
3489
1215
8578
8937
4051
6015
843
4689
1227
3881
5982
8228
6890
4989
4408
132
8604
9198
109
9082
2602
3223
7917
6720
421
4961
1142
1406
6742
5951
1073
230
7167
9651
245
2296
5666
1089
6985
7972
6049
4045
6199
2938
9035
1685
3071
7638
882
3180
7798
3484
7482
5715
203
8982
675
2424
387
7417
8376
1460
8726
6621
2190
8971
8917
8935
59
5902
6906
6109
9947
4183
125
59
5868
3196
7698
7829
7455
6574
2391
4937
2288
3674
3918
4042
6098
5385
2537
4473
7924
2341
1093
113
1312
1089
126
2450
8070
7032
9638
8016
1214
9764
8076
8161
4038
6852
7068
1493
3425
9460
6430
6793
3133
1426
1913
9231
6811
5530
4783
5814
7871
6955
7006
261
8044
7133
2712
6113
5243
3428
5208
7537
3191
4362
5697
7230
2292
3844
8723
6796
3303
6231
4667
7515
8736
6581
7824
6626
3189
3685
2439
1059
640
9445
2400
9763
7656
5112
6955
2899
8540
3241
435
2810
7603
7211
1118
973
1054
9841
7769
5436
7150
2436
2950
5885
95
1853
2510
3284
5538
6028
5422
6178
6552
7822
7020
4207
4012
3974
7106
3631
7215
7541
6441
5896
4752
7559
6869
6885
8478
5716
2321
6706
8152
6350
3669
9326
8203
7259
2609
3741
3286
8032
997
9838
6932
8017
4045
944
1990
2229
4575
9205
9771
2094
6179
5601
731
3047
2485
9209
8764
4806
6993
7994
1156
661
7320
9359
7920
1007
4178
2285
9039
5176
2122
5971
3192
7246
7994
6262
9476
2568
6545
324
5741
2724
5925
6472
5771
9489
6759
5613
4295
3751
4686
6530
5491
2005
6967
3411
4091
1145
6775
3130
7400
9976
179
1670
7222
8173
7932
7776
1819
4477
8100
7560
7201
5103
5110
4050
4591
1868
742
9965
6698
5428
6494
2188
8512
4540
6678
2602
5685
3452
6811
4163
3428
6990
5833
1728
6241
3765
9504
8060
9321
8682
5619
6521
4863
1807
1649
9454
3675
2391
9419
372
7819
6991
3640
7409
1530
317
11
8294
3770
7901
2456
8277
4891
9369
1083
1131
4212
586
270
3532
346
6968
1131
5209
8776
2780
5741
2450
6251
6238
3902
5148
3229
7542
2557
5838
7859
3647
5211
2707
1547
8746
2062
7517
8114
3145
9728
2325
4810
9998
6936
6235
8044
8067
2522
6819
1926
8264
348
9256
5580
4250
4403
8809
2870
8039
5726
1807
1685
936
4515
4312
9682
7656
2907
8875
1880
3713
1199
6690
3710
9215
2925
1754
7281
5447
9652
285
4789
10000
9541
369
4249
3944
256
7119
3061
5982
8927
5826
7997
4520
137
7679
3254
4123
6553
5134
7837
8831
1824
2625
8045
5828
5458
6405
2353
5110
7769
8222
5109
7310
8591
437
2332
8847
8635
5393
5908
8640
1218
3904
4238
2434
2661
7493
6558
292
3705
5473
9124
6608
8098
8247
3514
3556
4651
5868
9745
2420
4089
4853
808
3758
6369
3140
3683
6083
9612
9591
4722
830
4574
39
4343
8314
8611
1979
8607
2315
7452
8809
2
6629
7055
3516
184
2785
9384
9929
6284
4551
5860
7092
9388
3308
1310
3071
9391
2000
3740
5191
2830
9393
5230
8253
7707
3840
231
6313
7235
8763
6200
7237
5391
3254
752
5575
7118
1215
6582
3401
6845
3520
1571
6233
6828
3960
9304
7297
5961
3043
2488
9870
2436
7718
8122
1221
2637
9433
8613
950
8195
4812
8187
3585
9145
17
238
6263
1232
6820
742
8078
1418
3393
4310
9326
7353
4692
6622
4392
8814
9110
4262
2328
7907
3462
3549
1622
2894
3240
2572
1088
8052
1837
5752
8276
1854
5990
4538
3087
3888
6359
2243
5307
830
7632
5711
8184
2323
2332
3654
2215
2521
7916
5623
1506
1378
9172
3128
5351
3491
6779
6440
1542
8616
3270
9818
469
9261
5434
4635
4227
2872
6878
9534
3702
5588
6323
2964
7911
8656
6619
1205
1176
5613
6828
3761
8070
7078
7968
3421
568
5825
939
3190
4440
4209
4086
5988
4548
9521
1702
8776
3471
8580
9388
7173
4168
5711
1216
3157
4366
8914
5441
6621
4526
2268
1460
2596
425
9428
7096
2072
5252
8035
5262
770
2243
9349
6758
6792
9948
8460
6646
3418
8119
6033
1669
3365
1743
3964
7601
7188
2877
3042
3808
8483
6389
5268
1078
7893
5774
9253
9966
1025
7287
5227
2874
608
5654
9633
8479
5601
9171
5124
97
8368
1157
2846
2811
3979
6810
412
1167
9688
4533
6054
8170
2000
2401
326
9894
8175
657
9859
279
7944
6164
3153
8552
1818
3864
8110
8498
3035
3233
9675
2481
5469
2520
5293
9449
9330
6784
615
95
1316
7748
9344
3316
148
748
4288
8324
1405
4146
8603
9349
310
1755
8980
3207
5620
8168
1704
9734
1400
1378
3293
7949
4977
8586
7397
4307
5369
9091
5481
7764
6838
4825
2159
8066
6652
6447
6389
8058
593
6070
8485
1982
7825
8543
5189
4523
6710
7972
5335
8111
429
8629
7138
5406
8293
5613
791
4741
5782
6273
3583
3698
1097
5742
1763
7749
3268
8152
6885
3861
4221
5370
6922
3125
3912
3189
8727
622
2239
4062
9812
2668
3769
6949
8075
3140
3640
8866
7881
9422
6217
2543
3119
8393
8285
4883
6142
1552
3034
4105
6492
8335
9475
4492
1459
4466
7681
1264
6167
9921
6405
5978
3667
1252
4005
1741
4393
8724
1686
3352
8145
7903
5895
1263
6296
5259
6146
3516
6811
259
8700
4382
9673
9254
8874
2210
3719
7634
3474
9886
8633
9880
6942
2299
1131
2025
5120
6603
748
6806
9956
9972
5787
5850
1234
3161
1108
8460
7756
8999
9798
6456
4459
9470
5709
4411
1679
506
2044
6232
391
1755
6111
8412
4055
8322
1515
9175
4924
2263
7059
4879
2234
3924
1808
4547
8165
3995
4085
5920
4072
3882
3454
8531
4430
9163
2942
6109
9669
6065
2341
1138
7821
9531
628
2954
8931
2143
2128
3855
4406
265
9813
7719
4189
1620
3345
2353
6695
7430
9353
766
1312
2806
9298
5742
3048
3318
2930
3795
9383
6350
4934
7203
6959
5562
156
5890
8785
3363
9745
3190
4707
635
1988
9976
2256
5333
3407
29
2762
2759
795
5153
6645
92
1974
9693
3410
4904
3487
3872
2332
9500
1074
9291
6141
2310
6259
4925
6752
6003
9194
1459
6639
2260
1434
9974
7593
4841
2
1434
8680
797
6587
5324
1969
8561
5016
6458
4543
9582
329
7954
160
2483
7245
6301
5872
3503
2304
2623
585
2576
5161
8303
4837
6595
9355
2429
2515
435
3863
1194
1232
1529
6518
4280
89
2612
738
5712
3272
2146
3665
3432
4629
1988
9733
1579
5492
3115
4203
7156
5692
9364
6537
528
7038
5891
4036
631
6326
7900
1825
8637
507
9422
3996
1675
2033
5813
7387
5305
7959
1052
9817
3667
3040
9549
5246
9611
3743
527
7845
9435
970
4381
1041
8008
1350
5077
8639
7676
4055
1542
7392
4562
2042
1387
6238
4075
7200
3624
458
6237
5755
1353
9904
9875
1981
6229
563
5724
6756
8409
5158
7726
3868
7278
6812
5219
2354
6529
3973
6410
8071
2443
2050
1191
3830
8288
5266
2108
2991
6804
8346
9825
9236
9328
9699
1216
5556
262
6940
3391
9750
3176
1116
4696
453
9008
9915
2808
5536
4967
296
4686
7410
2346
5877
2319
1713
2222
4427
4704
104
3851
5607
9340
3179
5306
556
9814
6647
8575
3204
